 1  17    10  0  0  0 0 1 0  0 0  1 10 1 2  51 4 2 1 0 1 0 0  1  4.6419 11.5169 
 2  17    11  0  0  0 0 1 0  0 0  0  6 0 1  51 4 2 1 0 1 0 0  2  4.6419 11.5169 
 3  17    12  0  0  0 1 1 0  0 0  0  3 0 1  51 4 2 1 0 0 2 0  3  4.6419 11.5169 
 4  17    13  0  0  0 0 1 1  0 0  0 11 0 3  51 4 2 1 0 0 0 1  3  4.6419 11.5169 
 2  17    14  0  0  0 0 1 0  0 0  1  3 0 2  51 4 2 1 0 0 1 0  4  4.6419 11.5169 
 2  17    15  0  0  0 0 1 0  0 0  0 13 0 2  51 4 2 1 0 0 0 0  1  4.6419 11.5169 
 1  17    16  0  0  0 0 1 0  1 0  1  2 1 3  51 4 2 1 0 1 0 0  3  4.6419 11.5169 
 1  17    17  0  0  0 0 0 0  0 0  0 16 0 2  51 4 2 1 0 0 0 2  2  4.6419 11.5169 
 2  17    18  0  0  0 0 0 0  0 0  0 12 1 2  51 4 2 1 0 0 1 1  0  4.6419 11.5169 
 2  17    19  0  0  0 0 0 0  0 0  0 13 0 1  51 4 2 1 0 0 0 1  3  4.6419 11.5169 
 3  17    20  0  0  0 1 1 0  0 0  0  4 0 3  51 4 2 1 0 0 1 1  1  4.6419 11.5169 
 1  17    22  0  0  0 1 1 0  0 0  1  3 1 1  51 4 2 1 0 1 3 1  3  4.6419 11.5169 
 1  17    23  0  0  0 0 0 0  0 0  0  3 0 1  51 4 2 1 0 0 0 1  2  4.6419 11.5169 
 1  17    24  0  1  0 0 0 0  0 0  0  7 1 2  51 4 2 1 0 0 0 1  1  4.6419 11.5169 
 2  17    25  0  0  0 0 1 0  0 0  0  2 0 4  51 4 2 1 0 0 0 1  2  4.6419 11.5169 
 1  17    26  0  0  0 0 0 0  0 0  0  3 1 3  51 4 2 1 0 0 1 0  1  4.6419 11.5169 
 1  17    27  0  1  0 0 0 0  0 0  0  4 0 2  51 4 2 1 0 0 0 0  1  4.6419 11.5169 
 3  27    44  0  0  0 0 0 0  0 0  0  2 1 3  43 4 1 2 0 0 1 1  4  8.6794 68.2227 
 2  27    48  0  0  0 1 1 0  0 0  1  7 1 3  43 4 1 2 0 1 1 2  3  8.6794 68.2227 
 3  27    58  0  0  0 0 1 0  0 0  1 15 1 3  43 4 1 2 0 0 1 2  3  8.6794 68.2227 
 1  57    82  0  0  0 0 1 0  0 0  1  3 0 1  26 2 1 1 0 0 0 0  1  4.3699 44.7471 
 2  57    83  0  0  1 0 1 0  0 0  0  4 1 5  26 2 1 1 0 0 0 0  2  4.3699 44.7471 
 1  57    89  0  0  0 0 0 0  0 0  0  2 0 2  26 2 1 1 0 0 0 1  2  4.3699 44.7471 
 2  57    90  0  1  0 1 1 0  0 0  0  9 1 2  26 2 1 1 0 0 0 0  2  4.3699 44.7471 
 4   3   375  0  0  0 0 1 0  0 0  0  2 0 1  31 2 2 0 0 1 0 2  4  4.3363  1.2457 
 2   3   376  0  0  0 0 0 0  0 0  0  3 0 1  31 2 2 0 0 0 0 1  3  4.3363  1.2457 
 3   3   377  0  1  0 0 0 0  0 0  0 11 0 1  31 2 2 0 0 0 0 2  4  4.3363  1.2457 
 5   3   378  0  0  0 0 1 1  0 0  1  2 1 1  31 2 2 0 0 1 1 0  4  4.3363  1.2457 
 2   3   379  0  0  0 0 1 0  0 0  0  3 0 1  31 2 2 0 0 0 0 3  4  4.3363  1.2457 
 6   3   380  0  1  0 0 1 0  0 0  0  7 0 1  31 2 2 0 0 1 1 1  4  4.3363  1.2457 
 3   3   381  0  0  0 0 1 0  0 0  0  6 0 1  31 2 2 0 0 0 1 1  4  4.3363  1.2457 
 1   3   382  0  0  0 0 1 1  0 0  0  5 1 4  31 2 2 0 0 0 0 0  2  4.3363  1.2457 
 1   3   393  0  0  0 0 1 0  0 0  0  5 0 3  31 2 2 0 0 2 0 2  1  4.3363  1.2457 
 3   3   394  0  0  0 0 1 0  0 0  0  8 1 2  31 2 2 0 0 2 0 2  3  4.3363  1.2457 
 1   3   398  0  0  0 0 1 0  0 0  0  2 0 1  31 2 2 0 0 1 0 3  3  4.3363  1.2457 
 2   3   399  0  0  0 1 0 0  0 0  0  2 1 1  31 2 2 0 0 0 0 0  3  4.3363  1.2457 
 4   3   400  0  0  0 0 1 0  0 0  0  2 1 1  31 2 2 0 0 1 1 2  3  4.3363  1.2457 
 1   3   401  0  0  0 0 1 0  0 0  0  5 1 1  31 2 2 0 0 0 0 1  1  4.3363  1.2457 
 3   3   402  0  0  0 0 1 1  0 0  0 13 0 1  31 2 2 0 1 0 1 5  4  4.3363  1.2457 
 7   3   403  0  0  0 1 1 1  0 0  0  9 0 1  31 2 2 0 0 0 1 0  6  4.3363  1.2457 
 2   3   404  0  0  0 0 1 0  0 0  0  2 0 1  31 2 2 0 0 1 1 1  4  4.3363  1.2457 
 4   3   405  0  1  0 0 1 1  1 0  1 15 0 1  31 2 2 0 0 0 0 1  4  4.3363  1.2457 
 4   3   406  0  0  0 1 1 0  0 0  0  4 0 1  31 2 2 0 0 1 0 3  3  4.3363  1.2457 
 1   3   407  0  0  0 0 1 0  0 0  0 14 1 3  31 2 2 0 0 0 0 2  4  4.3363  1.2457 
 3   3   408  0  0  0 0 1 1  0 0  0 17 0 1  31 2 2 0 0 0 2 1  4  4.3363  1.2457 
 3   3   409  0  0  0 0 1 0  0 0  0  4 0 1  31 2 2 0 0 1 0 2  4  4.3363  1.2457 
 3   3   410  0  0  0 0 1 1  0 0  0  6 1 4  31 2 2 0 0 0 0 0  4  4.3363  1.2457 
 2   3   411  0  0  0 0 1 0  0 0  0  7 0 1  31 2 2 0 0 1 0 1  4  4.3363  1.2457 
 1   3   412  0  0  0 0 1 0  0 0  0 13 1 1  31 2 2 0 0 0 0 0  3  4.3363  1.2457 
 2   3   414  0  0  0 0 1 0  0 0  0  2 1 3  31 2 2 0 0 1 1 0  2  4.3363  1.2457 
 3   3   415  0  0  0 0 1 0  0 0  1  3 0 1  31 2 2 0 0 1 0 3  3  4.3363  1.2457 
 2   2   521  0  0  0 1 1 0  0 0  0 13 1 1  41 3 1 0 0 0 0 0  3  4.7452 22.9693 
 6   2   522  0  2  0 0 1 1  0 0  1  4 0 1  41 3 1 0 0 1 2 1  4  4.7452 22.9693 
 3   2   523  0  0  0 0 1 1  0 0  1 16 0 3  41 3 1 0 0 1 0 1  4  4.7452 22.9693 
 2   2   524  0  0  0 0 1 0  0 0  1 11 0 3  41 3 1 0 0 1 0 2  3  4.7452 22.9693 
 3   2   525  0  0  0 0 1 0  0 0  0 13 0 3  41 3 1 0 0 0 0 1  4  4.7452 22.9693 
 1   2   526  0  1  0 0 1 1  0 0  1  2 1 1  41 3 1 0 0 0 0 1  4  4.7452 22.9693 
 2   2   527  0  0  0 0 1 0  0 0  0 13 0 3  41 3 1 0 0 0 0 0  3  4.7452 22.9693 
 1   2   528  0  0  0 0 0 0  0 0  0  6 0 5  41 3 1 0 0 0 1 1  3  4.7452 22.9693 
 3   2   529  0  1  0 0 1 0  1 0  1  7 0 2  41 3 1 0 0 0 1 0  3  4.7452 22.9693 
 3   2   530  0  0  0 0 1 0  0 0  0  3 0 3  41 3 1 0 0 0 1 0  4  4.7452 22.9693 
 3   2   531  0  0  0 0 1 0  0 0  1  5 1 1  41 3 1 0 0 0 0 1  4  4.7452 22.9693 
 1   2   532  0  0  0 0 1 0  0 0  0  4 0 1  41 3 1 0 0 0 0 1  2  4.7452 22.9693 
 1   2   533  0  0  0 0 1 1  0 0  0  8 1 3  41 3 1 0 0 0 2 1  3  4.7452 22.9693 
 2   2   545  0  0  0 0 1 0  0 0  0  4 1 1  41 3 1 0 0 0 0 1  2  4.7452 22.9693 
 2   2   546  0  0  0 0 1 1  0 0  0 10 1 2  41 3 1 0 0 1 1 1  4  4.7452 22.9693 
 2   2   547  0  0  0 0 1 0  0 0  0  2 1 1  41 3 1 0 0 1 0 0  3  4.7452 22.9693 
 3  18   583  0  0  1 1 0 0  0 0  0  5 1 2  24 2 2 0 0 0 1 1  3  3.8462 51.5378 
 2  18   584  0  0  1 0 0 0  0 0  1  3 0 1  24 2 2 0 0 0 0 0  4  3.8462 51.5378 
 2  18   585  0  0  1 0 0 0  0 0  1  6 0 2  24 2 2 0 0 0 0 1  4  3.8462 51.5378 
 3  18   586  0  0  0 0 1 0  0 0  0  4 0 2  24 2 2 0 0 1 0 1  4  3.8462 51.5378 
 3  18   587  0  0  1 0 1 0  0 0  0  4 0 2  24 2 2 0 0 0 0 0  4  3.8462 51.5378 
 2  18   588  0  0  0 0 1 0  0 0  1  4 0 2  24 2 2 0 0 0 1 1  4  3.8462 51.5378 
 3  23   626  0  0  0 0 1 0  0 0  0  4 1 4  47 4 2 2 0 0 1 0  4  6.4841  1.1797 
 1  23   627  0  0  0 0 1 0  0 0  0  8 1 3  47 4 2 2 0 0 0 1  2  6.4841  1.1797 
 2  23   628  0  1  0 0 1 1  0 0  1  4 0 3  47 4 2 2 0 1 0 0  2  6.4841  1.1797 
 2  23   630  0  0  0 0 1 0  0 0  0  4 0 2  47 4 2 2 0 0 0 0  3  6.4841  1.1797 
 3  23   631  0  0  0 0 1 0  0 0  0  5 0 3  47 4 2 2 0 0 0 0  4  6.4841  1.1797 
 1  23   632  0  0  0 1 1 1  0 0  0 10 1 1  47 4 2 2 0 0 0 0  2  6.4841  1.1797 
 4  23   633  0  0  0 0 1 0  0 0  0  4 1 2  47 4 2 2 0 0 0 0  4  6.4841  1.1797 
 1  23   635  0  0  0 0 1 0  0 0  0  4 0 3  47 4 2 2 0 0 2 0  3  6.4841  1.1797 
 5  23   636  0  0  0 0 1 0  0 0  1  8 1 4  47 4 2 2 1 0 2 2  5  6.4841  1.1797 
 2  23   637  0  0  0 0 1 0  0 0  0  5 1 2  47 4 2 2 0 1 1 1  4  6.4841  1.1797 
 1  23   638  0  0  0 0 1 0  0 0  0  3 0 1  47 4 2 2 0 0 0 2  3  6.4841  1.1797 
 3  23   639  0  0  0 0 1 0  0 0  1  7 1 2  47 4 2 2 0 0 1 3  3  6.4841  1.1797 
 1  23   640  0  0  0 0 1 0  0 0  0  4 0 2  47 4 2 2 0 0 0 3  2  6.4841  1.1797 
 1  23   641  0  0  0 0 1 0  0 0  0  8 1 2  47 4 2 2 0 0 2 0  3  6.4841  1.1797 
 2  23   642  0  0  0 0 1 0  0 0  0  9 0 3  47 4 2 2 0 0 1 0  3  6.4841  1.1797 
 2  23   643  0  0  0 0 1 0  0 0  0  4 0 3  47 4 2 2 0 1 2 1  3  6.4841  1.1797 
 2  23   644  0  0  0 1 1 0  0 0  0  2 0 4  47 4 2 2 0 0 1 0  4  6.4841  1.1797 
 1  23   646  0  0  0 0 1 0  0 0  0 16 1 4  47 4 2 2 0 1 1 0  2  6.4841  1.1797 
 2  23   647  0  0  0 0 1 0  0 0  0  2 0 3  47 4 2 2 0 0 1 0  3  6.4841  1.1797 
 2  23   648  0  0  0 0 0 0  0 0  0  2 1 4  47 4 2 2 0 0 0 0  3  6.4841  1.1797 
 2  23   649  0  0  0 0 1 0  0 0  0  4 1 5  47 4 2 2 0 1 1 1  3  6.4841  1.1797 
 1  23   650  0  0  0 1 1 0  1 0  0  2 0 2  47 4 2 2 0 1 2 0  3  6.4841  1.1797 
 3  23   651  0  0  0 0 0 0  0 0  1  3 0 2  47 4 2 2 0 0 0 0  4  6.4841  1.1797 
 1  23   652  0  0  0 0 1 0  0 0  0  2 0 1  47 4 2 2 0 0 1 1  3  6.4841  1.1797 
 1  23   653  0  0  0 0 1 0  0 0  0  2 1 3  47 4 2 2 0 0 3 1  3  6.4841  1.1797 
 2  23   654  0  0  0 0 1 0  0 0  1  9 1 3  47 4 2 2 0 1 0 0  3  6.4841  1.1797 
 2  23   655  0  0  0 0 1 0  0 0  0 13 0 3  47 4 2 2 0 0 0 0  2  6.4841  1.1797 
 2  23   656  0  0  0 0 1 0  0 0  1 13 0 4  47 4 2 2 0 0 1 0  4  6.4841  1.1797 
 1  23   657  0  0  0 0 1 0  0 0  1  3 1 1  47 4 2 2 0 2 2 2  2  6.4841  1.1797 
 3   7   692  0  0  0 0 1 0  0 0  0 12 0 2  41 3 2 2 0 0 1 0  2  9.3671 64.2821 
 1   7   694  0  0  0 0 1 0  0 0  0  9 0 3  41 3 2 2 0 0 1 0  2  9.3671 64.2821 
 1   7   695  0  0  0 0 1 0  0 0  0  9 0 1  41 3 2 2 0 0 0 2  3  9.3671 64.2821 
 1  30   889  0  0  0 0 1 0  0 0  0  2 1 3  17 2 2 1 0 0 1 1  3  2.8125 14.8159 
 3  30   890  0  0  0 1 1 0  0 0  0  5 0 2  17 2 2 1 0 1 0 0  5  2.8125 14.8159 
 2  30   891  0  0  1 0 1 0  0 0  0  3 1 1  17 2 2 1 0 0 1 1  4  2.8125 14.8159 
 1  30   892  0  0  0 0 1 0  0 0  0  5 0 1  17 2 2 1 0 1 0 0  2  2.8125 14.8159 
 2  30   893  0  0  0 1 1 0  0 0  0  6 0 1  17 2 2 1 0 0 0 0  5  2.8125 14.8159 
 3  30   894  0  0  0 0 1 1  0 0  0  7 0 3  17 2 2 1 0 0 3 0  3  2.8125 14.8159 
 2  30   895  0  0  0 1 1 0  0 0  1  2 0 3  17 2 2 1 0 0 0 0  4  2.8125 14.8159 
 2  30   896  0  0  0 1 1 0  0 0  0  4 0 1  17 2 2 1 0 2 1 2  3  2.8125 14.8159 
 2  30   897  0  0  0 1 0 0  0 0  0  5 0 3  17 2 2 1 0 0 1 0  4  2.8125 14.8159 
 2  30   899  0  0  0 1 0 0  0 0  0  3 0 3  17 2 2 1 0 0 1 1  3  2.8125 14.8159 
 2  30   901  0  1  0 0 1 0  0 0  0  3 0 3  17 2 2 1 0 1 1 0  2  2.8125 14.8159 
 1  24   978  0  0  0 0 1 0  0 0  0 14 1 1  40 3 2 1 0 1 4 1  4  3.6825  3.3641 
 2  24   979  0  0  0 0 1 0  0 0  1 13 0 3  40 3 2 1 0 1 0 1  3  3.6825  3.3641 
 3  24   981  0  0  1 0 0 0  0 0  0 17 0 1  40 3 2 1 0 0 1 0  4  3.6825  3.3641 
 3  24   987  0  0  0 0 1 0  0 0  0 13 0 1  40 3 2 1 1 0 0 1  2  3.6825  3.3641 
 1  24   995  0  0  1 0 1 1  0 0  0 10 0 1  40 3 2 1 0 1 1 1  4  3.6825  3.3641 
 4  24   996  0  0  0 0 1 0  0 0  0 10 1 1  40 3 2 1 0 0 0 1  4  3.6825  3.3641 
 1  24   997  0  0  0 0 0 0  0 0  0  9 0 2  40 3 2 1 0 0 0 0  3  3.6825  3.3641 
 4  24   998  0  0  0 0 1 0  0 0  0 15 0 3  40 3 2 1 0 0 1 1  4  3.6825  3.3641 
 3  24  1020  0  0  0 0 0 0  0 0  0  4 0 2  40 3 2 1 0 0 0 1  3  3.6825  3.3641 
 4  24  1021  0  0  0 1 1 0  0 0  1 11 1 3  40 3 2 1 1 1 1 0  3  3.6825  3.3641 
 3  24  1022  0  0  0 0 1 0  0 0  0  8 0 3  40 3 2 1 0 1 0 3  3  3.6825  3.3641 
 2  24  1023  0  0  0 0 1 0  0 0  1  5 0 1  40 3 2 1 0 0 0 1  3  3.6825  3.3641 
 2  24  1024  0  0  0 0 1 1  0 0  0  4 0 2  40 3 2 1 0 0 1 0  3  3.6825  3.3641 
 1  24  1025  0  0  0 0 0 0  0 0  0  8 1 3  40 3 2 1 0 0 0 0  3  3.6825  3.3641 
 2  24  1027  0  0  0 0 1 0  0 0  0  4 0 5  40 3 2 1 0 0 1 0  4  3.6825  3.3641 
 8  24  1029  0  0  0 1 1 0  1 0  0  2 0 4  40 3 2 1 0 0 2 1  3  3.6825  3.3641 
 2  24  1031  0  0  0 0 1 0  0 0  0  3 0 1  40 3 2 1 0 0 0 0  4  3.6825  3.3641 
 2  24  1032  0  0  0 0 1 0  0 0  0  2 0 3  40 3 2 1 0 1 0 3  3  3.6825  3.3641 
 2  24  1040  0  0  0 0 1 0  0 0  1 14 1 2  40 3 2 1 0 0 0 1  3  3.6825  3.3641 
 4  24  1042  0  0  0 0 1 0  0 0  0  9 0 3  40 3 2 1 0 0 1 1  2  3.6825  3.3641 
 4  24  1043  0  0  0 0 0 0  0 0  0 10 1 5  40 3 2 1 0 0 0 2  4  3.6825  3.3641 
 2  24  1044  0  0  0 0 1 0  0 0  0  3 1 2  40 3 2 1 0 0 0 0  4  3.6825  3.3641 
 2  24  1045  0  0  0 0 0 0  0 0  0  2 1 3  40 3 2 1 0 0 0 1  5  3.6825  3.3641 
 1  24  1046  0  0  0 0 1 0  0 0  0  3 0 1  40 3 2 1 0 1 1 2  2  3.6825  3.3641 
 2  24  1048  0  0  0 0 1 0  0 0  0 11 0 3  40 3 2 1 0 0 0 0  1  3.6825  3.3641 
 3  24  1050  0  0  0 0 1 1  0 0  0 13 0 1  40 3 2 1 0 0 1 1  3  3.6825  3.3641 
 3  24  1052  0  0  0 0 1 0  0 0  0  2 0 4  40 3 2 1 0 0 0 1  4  3.6825  3.3641 
 2  24  1053  0  0  0 0 1 0  0 0  0  7 1 2  40 3 2 1 0 1 1 1  3  3.6825  3.3641 
 2  24  1057  0  0  0 0 1 0  0 0  0 10 0 5  40 3 2 1 0 0 0 1  2  3.6825  3.3641 
 2  24  1058  0  0  0 1 1 0  0 0  0 11 1 3  40 3 2 1 0 1 0 2  4  3.6825  3.3641 
 1  24  1059  0  2  0 0 0 0  0 0  0 17 0 2  40 3 2 1 0 0 0 2  3  3.6825  3.3641 
 1  24  1060  0  0  1 1 0 0  0 0  0  5 1 1  40 3 2 1 0 0 0 1  4  3.6825  3.3641 
 2  22  1082  0  0  0 0 1 0  0 0  0  4 1 3  32 2 2 0 0 0 1 0  4  3.4614  1.3396 
 3  22  1083  0  0  0 0 1 0  0 0  1 10 0 3  32 2 2 0 0 0 2 1  4  3.4614  1.3396 
 4  22  1084  0  0  1 0 0 0  0 0  0 17 0 3  32 2 2 0 0 0 0 2  4  3.4614  1.3396 
 3  22  1085  0  0  0 1 1 0  0 0  0 15 0 3  32 2 2 0 0 2 1 1  4  3.4614  1.3396 
 4  22  1086  0  0  1 0 1 1  0 0  1 14 0 3  32 2 2 0 0 0 1 0  5  3.4614  1.3396 
 4  22  1087  0  0  0 0 1 1  0 0  1 13 1 3  32 2 2 0 0 0 0 0  4  3.4614  1.3396 
 2  22  1088  0  0  0 0 1 1  0 0  1 12 1 3  32 2 2 0 0 0 0 2  3  3.4614  1.3396 
 2  22  1091  0  0  0 0 1 0  0 0  1 13 1 3  32 2 2 0 0 1 0 0  4  3.4614  1.3396 
 3  22  1092  0  0  0 0 1 0  0 0  0 13 0 1  32 2 2 0 0 2 3 0  3  3.4614  1.3396 
 2  22  1093  0  0  0 1 1 0  0 0  0 12 0 3  32 2 2 0 0 0 1 0  5  3.4614  1.3396 
 1  22  1094  0  0  0 0 1 0  0 0  0 12 0 2  32 2 2 0 0 1 1 3  3  3.4614  1.3396 
 2  22  1095  0  0  0 0 1 0  0 0  1 11 0 2  32 2 2 0 0 0 0 0  2  3.4614  1.3396 
 1  22  1096  0  0  0 0 1 0  0 0  0 12 1 3  32 2 2 0 0 1 2 1  3  3.4614  1.3396 
 2  22  1146  0  0  0 1 1 1  0 0  0  9 1 3  32 2 2 0 0 0 0 1  4  3.4614  1.3396 
 2  22  1148  0  0  0 0 1 0  0 0  0 11 0 1  32 2 2 0 0 0 2 1  3  3.4614  1.3396 
 2  22  1150  0  0  0 0 1 0  0 0  0  9 1 3  32 2 2 0 0 0 2 3  3  3.4614  1.3396 
 1  22  1151  0  0  0 0 1 0  0 0  0 15 0 3  32 2 2 0 0 0 0 0  3  3.4614  1.3396 
 1  22  1152  0  0  0 0 0 0  0 0  0 11 1 3  32 2 2 0 0 0 2 1  4  3.4614  1.3396 
 2  22  1153  0  0  0 0 1 1  0 0  0  7 1 1  32 2 2 0 0 0 2 0  3  3.4614  1.3396 
 2  22  1155  0  0  1 0 1 0  0 0  1 16 0 3  32 2 2 0 0 0 1 1  4  3.4614  1.3396 
 3  22  1156  0  0  0 0 1 0  0 0  0  8 1 3  32 2 2 0 0 1 0 0  3  3.4614  1.3396 
 2  22  1158  0  1  0 0 1 1  0 0  1  3 0 3  32 2 2 0 0 0 1 0  4  3.4614  1.3396 
 2  22  1159  0  0  0 0 1 0  0 0  0  9 0 3  32 2 2 0 0 0 2 1  3  3.4614  1.3396 
 2  22  1160  0  0  0 0 1 0  0 0  0  4 0 3  32 2 2 0 0 0 2 0  4  3.4614  1.3396 
 3  22  1161  0  0  0 0 1 0  0 0  0  3 0 1  32 2 2 0 0 0 0 0  1  3.4614  1.3396 
 3  22  1162  0  0  0 0 1 0  0 0  0  3 1 1  32 2 2 0 0 0 0 1  4  3.4614  1.3396 
 3  22  1163  0  0  0 1 1 0  0 0  0  2 0 4  32 2 2 0 0 0 1 1  3  3.4614  1.3396 
 2  22  1164  0  0  0 0 1 0  0 0  0  4 1 1  32 2 2 0 0 1 1 0  3  3.4614  1.3396 
 2  22  1165  0  0  0 0 1 0  0 0  0  3 1 3  32 2 2 0 0 0 1 0  4  3.4614  1.3396 
 2  22  1166  0  0  0 0 1 0  0 0  0  3 0 2  32 2 2 0 0 1 1 1  3  3.4614  1.3396 
 3  22  1168  0  0  0 0 1 1  0 0  1  2 1 2  32 2 2 0 0 0 0 0  5  3.4614  1.3396 
 2  10  1358  0  0  0 1 1 0  0 0  0  4 0 1  25 1 2 0 0 0 1 0  3  3.9658 22.3589 
 2  10  1359  0  0  0 0 0 0  0 0  0  6 0 1  25 1 2 0 0 0 0 0  3  3.9658 22.3589 
 2  10  1360  0  0  1 0 1 0  0 0  0  3 1 1  25 1 2 0 0 0 0 1  3  3.9658 22.3589 
 2  10  1361  0  0  0 0 1 0  0 0  0  2 0 1  25 1 2 0 0 1 0 2  2  3.9658 22.3589 
 3  10  1362  0  0  0 0 0 0  0 0  0  4 0 1  25 1 2 0 0 0 0 0  2  3.9658 22.3589 
 1  10  1363  0  0  0 0 1 0  0 0  1  9 0 1  25 1 2 0 0 0 1 0  2  3.9658 22.3589 
 4  10  1364  0  0  0 0 1 0  0 0  0  6 0 1  25 1 2 0 0 0 0 0  2  3.9658 22.3589 
 3  10  1365  0  0  0 1 1 0  0 0  0  2 1 1  25 1 2 0 0 1 1 1  3  3.9658 22.3589 
 1  10  1366  0  0  0 0 0 0  0 0  0 13 0 1  25 1 2 0 0 0 1 0  4  3.9658 22.3589 
 2  10  1367  0  0  0 0 0 0  0 0  0 15 0 5  25 1 2 0 0 0 0 1  4  3.9658 22.3589 
 2  10  1368  0  0  0 0 1 0  0 0  0  6 0 1  25 1 2 0 0 1 0 2  2  3.9658 22.3589 
 2   6  1465  0  0  0 0 0 0  0 0  0  3 0 1  12 2 2 0 0 0 0 2  3  6.9006 33.4799 
 2   6  1466  0  0  0 0 1 1  0 0  0 11 1 3  12 2 2 0 0 1 0 0  3  6.9006 33.4799 
 2   6  1482  0  0  0 0 1 0  0 0  0  2 0 4  12 2 2 0 0 1 2 1  3  6.9006 33.4799 
 1   6  1483  0  0  0 1 1 0  0 0  0  2 1 5  12 2 2 0 0 0 0 1  4  6.9006 33.4799 
 4   6  1486  0  0  0 0 1 1  0 0  0  8 0 5  12 2 2 0 0 0 0 0  6  6.9006 33.4799 
 2   6  1488  0  0  0 0 1 0  0 0  0  2 0 1  12 2 2 0 0 1 1 2  2  6.9006 33.4799 
 3   6  1490  0  0  0 0 1 0  0 0  0  2 0 1  12 2 2 0 0 0 1 0  5  6.9006 33.4799 
 2   6  1492  0  0  0 1 1 0  0 0  0  6 1 3  12 2 2 0 0 1 0 1  5  6.9006 33.4799 
 2   6  1505  0  0  0 0 1 0  0 0  0  3 0 4  12 2 2 0 0 0 0 0  4  6.9006 33.4799 
 1   6  1506  0  0  0 0 1 0  0 0  0  3 0 1  12 2 2 0 0 0 0 0  4  6.9006 33.4799 
 3   6  1507  0  0  0 0 1 0  0 0  1  5 1 4  12 2 2 0 0 0 0 0  4  6.9006 33.4799 
 2   6  1508  0  0  0 0 1 0  0 0  0  3 0 1  12 2 2 0 0 1 0 0  0  6.9006 33.4799 
 3  20  1623  0  0  0 1 1 0  0 0  0  4 1 3  39 3 2 1 0 0 2 0  4  3.5233  2.0587 
 3  20  1628  0  0  1 1 1 1  0 0  1 17 0 1  39 3 2 1 1 0 1 0  3  3.5233  2.0587 
 1  20  1636  0  0  0 0 1 0  0 0  0  5 0 3  39 3 2 1 0 0 2 0  3  3.5233  2.0587 
 2  20  1638  0  1  0 1 1 0  0 0  0  2 0 1  39 3 2 1 0 0 2 1  4  3.5233  2.0587 
 2  20  1640  0  0  0 0 1 0  0 0  0  3 0 1  39 3 2 1 0 0 0 0  3  3.5233  2.0587 
 3  20  1641  0  0  0 1 1 0  0 0  0  5 0 4  39 3 2 1 0 0 0 0  4  3.5233  2.0587 
 1  20  1644  0  0  0 0 1 0  0 0  0  2 0 3  39 3 2 1 0 0 2 1  4  3.5233  2.0587 
 1  20  1645  0  0  0 0 1 0  0 0  0 14 0 2  39 3 2 1 0 0 1 0  3  3.5233  2.0587 
 2  20  1646  0  0  0 0 1 0  0 0  0 15 1 1  39 3 2 1 0 1 1 0  4  3.5233  2.0587 
 1  20  1647  0  0  0 0 0 0  1 0  1 16 0 4  39 3 2 1 0 0 0 0  4  3.5233  2.0587 
 1  20  1648  0  0  0 0 1 0  0 0  1  4 1 5  39 3 2 1 0 0 1 0  4  3.5233  2.0587 
 1  20  1649  0  0  0 1 1 0  0 0  1  3 1 3  39 3 2 1 0 1 1 0  4  3.5233  2.0587 
 2  20  1650  0  0  0 1 1 1  0 0  0  2 1 3  39 3 2 1 0 0 2 1  4  3.5233  2.0587 
 1  20  1651  0  0  0 0 0 0  0 0  1 13 1 1  39 3 2 1 0 0 0 0  3  3.5233  2.0587 
 5  20  1652  0  0  0 1 1 1  0 0  1  3 1 1  39 3 2 1 1 1 1 0  4  3.5233  2.0587 
 2  20  1654  0  0  0 0 1 0  0 0  0  9 0 4  39 3 2 1 0 1 0 2  4  3.5233  2.0587 
 2  20  1656  0  0  0 0 1 0  0 0  0  2 1 2  39 3 2 1 0 1 2 0  2  3.5233  2.0587 
 3  20  1658  0  0  0 0 1 0  0 0  0  3 0 1  39 3 2 1 0 0 1 1  4  3.5233  2.0587 
 2  20  1660  0  0  0 0 1 0  0 0  1  7 0 3  39 3 2 1 0 1 1 0  2  3.5233  2.0587 
 2  20  1661  0  0  0 0 1 0  0 0  0 11 1 3  39 3 2 1 0 1 1 0  4  3.5233  2.0587 
 3  20  1664  0  0  0 0 1 0  0 0  0 15 0 1  39 3 2 1 0 1 0 0  4  3.5233  2.0587 
 4  20  1665  0  0  0 0 1 0  0 0  1 10 0 1  39 3 2 1 0 0 0 0  2  3.5233  2.0587 
 1  20  1666  0  0  0 0 1 1  0 0  0  8 0 1  39 3 2 1 0 0 1 0  2  3.5233  2.0587 
 2  20  1667  0  0  0 0 1 0  0 0  0  7 0 2  39 3 2 1 0 0 0 1  2  3.5233  2.0587 
 2  20  1672  0  0  0 1 1 0  0 0  0  6 0 2  39 3 2 1 0 0 1 0  2  3.5233  2.0587 
 2  20  1675  0  0  0 0 1 0  0 0  0 13 0 3  39 3 2 1 0 0 1 0  4  3.5233  2.0587 
 1  20  1676  0  0  0 0 1 0  0 0  0  2 0 1  39 3 2 1 0 1 2 0  4  3.5233  2.0587 
 6  20  1677  0  0  0 0 1 1  0 0  0 15 1 1  39 3 2 1 0 0 1 1  4  3.5233  2.0587 
 3  20  1678  0  0  0 1 1 0  0 0  0 14 0 1  39 3 2 1 0 0 0 0  5  3.5233  2.0587 
 3  20  1679  0  0  0 0 1 0  0 0  0 15 1 2  39 3 2 1 0 0 0 0  4  3.5233  2.0587 
 3   4  1807  0  0  0 0 1 0  0 0  0 10 0 1  34 2 2 2 0 0 0 1  1  7.4683 64.5796 
 2   4  1822  0  0  0 0 0 0  0 0  1 11 1 3  34 2 2 2 0 0 0 0  1  7.4683 64.5796 
 1   4  1824  0  0  0 0 1 0  0 0  0  7 0 3  34 2 2 2 0 0 0 0  1  7.4683 64.5796 
 5   4  1826  0  0  0 0 1 1  0 0  1  9 1 1  34 2 2 2 0 0 2 1  2  7.4683 64.5796 
 1   4  1829  0  0  0 0 1 0  0 0  0  3 1 3  34 2 2 2 0 0 0 0  2  7.4683 64.5796 
 2   4  1832  0  0  0 0 1 0  0 0  0 10 0 3  34 2 2 2 0 0 1 1  0  7.4683 64.5796 
 1   4  1833  0  0  0 0 1 0  0 0  0  2 0 1  34 2 2 2 0 1 0 0  2  7.4683 64.5796 
 2   5  2038  0  0  0 0 1 0  0 0  0  3 0 1  39 2 2 0 1 0 0 1  3  9.5487 43.6370 
 2   5  2039  0  0  0 0 1 1  0 0  0  3 0 3  39 2 2 0 0 1 0 0  3  9.5487 43.6370 
 3   5  2040  0  0  0 0 1 0  0 1  1 15 1 1  39 2 2 0 0 0 0 0  3  9.5487 43.6370 
 1   5  2047  0  0  0 0 1 0  0 0  0  4 1 3  39 2 2 0 0 0 1 1  2  9.5487 43.6370 
 7   5  2048  0  0  0 0 1 1  0 0  0 16 1 1  39 2 2 0 0 0 1 0  4  9.5487 43.6370 
 4   5  2049  0  0  0 0 1 0  0 0  0  5 0 1  39 2 2 0 0 1 0 0  4  9.5487 43.6370 
 2   5  2050  0  0  0 0 1 1  0 0  1  5 0 1  39 2 2 0 0 0 1 0  4  9.5487 43.6370 
 2  49  2124  0  0  0 0 1 0  0 0  0  6 0 1  44 3 2 0 0 0 1 1  2  4.5611 14.5807 
 2  49  2125  0  0  0 0 1 0  0 0  0  8 0 1  44 3 2 0 0 1 0 3  0  4.5611 14.5807 
 3  49  2126  0  0  0 0 1 0  0 0  1  2 0 2  44 3 2 0 0 0 0 1  4  4.5611 14.5807 
 2  49  2127  0  0  0 0 0 0  0 0  0  7 0 3  44 3 2 0 0 0 0 0  4  4.5611 14.5807 
 2  49  2128  0  0  0 0 1 1  0 0  0  6 1 1  44 3 2 0 0 0 2 0  3  4.5611 14.5807 
 2  49  2129  0  0  0 0 1 1  0 0  0  3 1 1  44 3 2 0 0 0 4 0  4  4.5611 14.5807 
 3  49  2130  0  0  0 0 1 0  0 0  0  5 0 1  44 3 2 0 0 0 0 0  2  4.5611 14.5807 
 1  49  2131  0  0  0 0 1 0  0 0  0  5 0 1  44 3 2 0 0 0 1 1  4  4.5611 14.5807 
 2  49  2132  0  0  0 0 1 0  0 0  0  3 0 1  44 3 2 0 0 1 0 1  3  4.5611 14.5807 
 1  49  2133  0  0  0 0 1 0  0 0  0  2 0 1  44 3 2 0 0 1 1 1  2  4.5611 14.5807 
 3  44  2613  0  0  0 1 0 0  0 0  0  4 0 2  33 3 2 0 0 0 0 0  3  3.1863 34.5861 
 4  48  2750  0  0  0 1 1 1  0 0  0 11 0 3  37 3 2 0 0 0 0 0  4  4.7026 13.6607 
 4  48  2751  0  0  0 1 1 0  0 0  1  8 0 3  37 3 2 0 0 0 1 0  4  4.7026 13.6607 
 3  48  2752  0  0  0 0 1 1  0 0  1  8 1 1  37 3 2 0 0 0 1 1  3  4.7026 13.6607 
 2  48  2753  0  0  0 0 1 0  0 0  1 16 0 1  37 3 2 0 0 0 1 0  3  4.7026 13.6607 
 1  48  2754  0  0  0 0 0 0  0 0  0  2 1 2  37 3 2 0 0 0 1 1  1  4.7026 13.6607 
 3  48  2755  0  0  0 0 0 0  0 0  0  3 0 1  37 3 2 0 0 0 0 0  1  4.7026 13.6607 
 3  48  2756  0  0  1 0 1 0  0 0  0  9 0 2  37 3 2 0 0 0 1 2  2  4.7026 13.6607 
 3  48  2757  0  0  0 0 1 0  0 0  0  5 0 1  37 3 2 0 0 1 0 0  2  4.7026 13.6607 
 3  48  2758  0  1  1 0 1 0  0 0  0 11 0 5  37 3 2 0 0 1 1 0  2  4.7026 13.6607 
 3  48  2759  0  0  0 0 1 0  0 0  0  5 0 2  37 3 2 0 0 1 0 0  2  4.7026 13.6607 
 4  48  2760  0  0  0 0 1 0  0 0  1  2 0 2  37 3 2 0 0 0 2 2  2  4.7026 13.6607 
 2  48  2761  0  0  0 0 1 0  0 0  1  2 0 2  37 3 2 0 0 0 1 1  1  4.7026 13.6607 
 2  48  2762  0  0  0 0 1 0  0 0  0  5 0 1  37 3 2 0 0 0 0 3  1  4.7026 13.6607 
 3  56  4640  0  0  0 0 0 0  0 0  1  8 0 1  34 2 2 0 0 0 0 0  3  8.7974 64.9506 
 2  56  4641  0  0  0 0 1 0  0 0  0  3 0 2  34 2 2 0 0 1 0 1  2  8.7974 64.9506 
 2  56  4642  0  0  0 0 1 0  0 0  0  4 0 1  34 2 2 0 0 0 2 0  1  8.7974 64.9506 
 1  56  4643  0  0  0 0 0 0  0 0  1 14 0 1  34 2 2 0 0 0 0 0  2  8.7974 64.9506 
 3  56  4644  0  0  0 1 0 0  1 0  0  8 1 2  34 2 2 0 0 0 1 0  1  8.7974 64.9506 
 1  56  4646  0  1  0 0 1 0  0 0  1  2 1 2  34 2 2 0 0 0 0 1  3  8.7974 64.9506 
 1  56  4647  0  0  0 0 0 0  0 0  0  2 0 1  34 2 2 0 0 0 1 1  3  8.7974 64.9506 
 2  56  4648  0  0  0 0 1 1  0 0  0 17 0 1  34 2 2 0 0 0 1 1  4  8.7974 64.9506 
 2  56  4649  0  0  0 0 1 0  0 0  0  2 0 5  34 2 2 0 0 1 0 0  4  8.7974 64.9506 
 3  56  4650  0  0  0 0 1 0  1 0  1 12 0 1  34 2 2 0 0 0 0 0  2  8.7974 64.9506 
 3  56  4651  0  0  0 0 1 0  0 0  1  8 1 1  34 2 2 0 0 0 0 0  2  8.7974 64.9506 
 2  56  4652  0  0  0 0 1 0  0 0  0  6 1 5  34 2 2 0 0 1 0 0  1  8.7974 64.9506 
 2  56  4653  0  0  0 0 1 0  0 0  0  2 1 2  34 2 2 0 0 0 2 0  3  8.7974 64.9506 
 3   1  7603  0  0  0 0 1 0  0 0  1 17 1 3  21 2 2 0 0 0 0 0  4  4.1099 14.8211 
 6   1  7604  0  0  1 1 1 0  0 0  0  3 0 1  21 2 2 0 0 2 0 2  5  4.1099 14.8211 
 3   1  7605  0  0  0 0 1 0  0 0  0  2 1 4  21 2 2 0 0 2 1 2  2  4.1099 14.8211 
 2   1  7607  0  0  0 0 1 0  0 0  0  5 1 4  21 2 2 0 0 1 1 1  2  4.1099 14.8211 
 5   1  7609  0  0  0 0 1 0  0 0  0 11 0 4  21 2 2 0 0 0 0 0  3  4.1099 14.8211 
 3   1  7610  0  0  1 0 0 0  0 0  0  3 1 2  21 2 2 0 0 0 1 2  3  4.1099 14.8211 
 4   1  7611  0  0  0 1 1 0  0 0  0  3 0 2  21 2 2 0 0 2 1 1  4  4.1099 14.8211 
 4   1  7612  0  0  0 1 1 0  0 0  0 13 1 2  21 2 2 0 0 2 0 2  4  4.1099 14.8211 
 3   1  7613  0  0  0 1 1 0  0 0  0  3 1 3  21 2 2 0 0 0 0 1  3  4.1099 14.8211 
 4   1  7614  0  0  0 1 1 0  0 0  0  8 0 1  21 2 2 0 0 2 0 3  4  4.1099 14.8211 
 2   9  9689  0  0  0 0 1 1  0 0  0 13 0 5  38 2 2 0 0 0 0 0  3  5.5977  7.9993 
 4   9  9692  0  1  0 0 1 0  0 0  0 13 0 5  38 2 2 0 0 2 0 0  4  5.5977  7.9993 
 2   9  9696  0  0  0 1 1 1  0 0  0 13 0 1  38 2 2 0 0 0 1 2  4  5.5977  7.9993 
 2   9  9697  0  0  0 1 0 0  0 0  0 13 0 5  38 2 2 0 0 0 0 2  3  5.5977  7.9993 
 2   9  9703  0  0  0 0 1 0  0 0  0  3 0 5  38 2 2 0 0 0 1 0  3  5.5977  7.9993 
 2   9  9705  0  0  0 0 0 0  0 0  0  3 0 5  38 2 2 0 0 0 0 1  1  5.5977  7.9993 
 4   9  9707  0  0  0 0 1 1  0 0  0  2 1 5  38 2 2 0 0 0 1 1  4  5.5977  7.9993 
 2   9  9708  0  0  0 0 1 0  0 0  0  4 1 2  38 2 2 0 0 0 0 2  4  5.5977  7.9993 
 5   9  9712  0  0  0 0 1 0  0 0  0  7 0 5  38 2 2 0 0 0 0 0  2  5.5977  7.9993 
 1   9  9715  0  0  0 1 1 0  0 0  0  5 1 1  38 2 2 0 0 0 1 2  2  5.5977  7.9993 
 2   9  9718  0  0  0 0 1 0  0 0  0  2 1 5  38 2 2 0 0 0 2 1  2  5.5977  7.9993 
 3   2 12452  0  0  0 0 1 0  0 0  0  3 1 1  41 3 1 0 0 0 1 1  2  4.7452 22.9693 
 3   2 12453  0  0  0 1 1 1  0 0  0  6 1 3  41 3 1 0 0 0 0 0  6  4.7452 22.9693 
 1  50 15012  0  0  0 0 1 0  0 0  0  5 0 3  55 3 2 0 0 0 0 1  3  4.1043 29.5487 
 2  50 15013  0  1  0 0 1 1  0 0  0  3 1 1  55 3 2 0 0 0 2 2  4  4.1043 29.5487 
 4  50 15014  0  0  0 1 1 0  0 0  1  2 0 2  55 3 2 0 0 0 3 1  4  4.1043 29.5487 
 2  50 15015  0  0  0 0 1 0  0 0  0  9 1 2  55 3 2 0 0 0 0 0  3  4.1043 29.5487 
 1  50 15016  0  0  0 0 1 0  0 0  0 13 0 1  55 3 2 0 0 1 0 2  1  4.1043 29.5487 
 1  50 15017  0  0  0 0 1 0  0 0  1  3 1 1  55 3 2 0 0 0 2 2  1  4.1043 29.5487 
 3  58 15230  0  0  0 0 1 0  0 0  0  5 0 2  36 3 2 0 0 0 0 1  5  3.2559 12.0798 
 3  58 15231  0  0  0 1 1 0  0 0  1  2 0 1  36 3 2 0 0 0 1 0  4  3.2559 12.0798 
 2  58 15232  0  0  0 0 0 0  0 0  0 11 1 2  36 3 2 0 0 0 1 1  4  3.2559 12.0798 
 3  58 15233  0  0  0 0 1 0  0 0  0 11 1 3  36 3 2 0 0 1 0 2  4  3.2559 12.0798 
10  58 15235  0  0  0 1 1 0  0 0  0  9 0 4  36 3 2 0 1 0 1 1  7  3.2559 12.0798 
 2  58 15236  0  0  0 0 1 0  0 0  0  4 0 2  36 3 2 0 0 0 0 1  4  3.2559 12.0798 
 3  58 15237  0  0  0 0 1 0  0 0  1  5 0 1  36 3 2 0 0 0 1 0  3  3.2559 12.0798 
 2  58 15252  0  0  0 0 0 0  0 0  0  5 0 1  36 3 2 0 0 0 0 1  4  3.2559 12.0798 
 2  58 15253  0  0  0 0 1 0  0 0  1  4 0 1  36 3 2 0 0 0 1 0  4  3.2559 12.0798 
 4  58 15254  0  0  0 0 0 0  0 0  0 15 1 2  36 3 2 0 0 0 0 2  5  3.2559 12.0798 
 2  58 15255  0  0  1 0 0 0  0 0  1  3 1 2  36 3 2 0 0 0 0 1  4  3.2559 12.0798 
 4  58 15256  0  0  0 0 0 0  0 0  0  5 0 3  36 3 2 0 0 0 1 1  4  3.2559 12.0798 
 1  58 15257  0  1  0 0 0 0  0 0  0  9 0 2  36 3 2 0 0 0 1 0  4  3.2559 12.0798 
 3  58 15258  0  0  0 0 0 0  1 0  1 13 0 3  36 3 2 0 0 0 0 1  4  3.2559 12.0798 
 4  58 15259  0  0  0 0 1 0  0 0  1  3 0 2  36 3 2 0 0 0 0 0  5  3.2559 12.0798 
 3  58 15260  0  0  0 0 1 0  0 0  0  5 1 4  36 3 2 0 0 0 0 0  4  3.2559 12.0798 
 3  58 15261  0  0  1 1 0 0  0 0  0  6 1 2  36 3 2 0 0 0 0 1  4  3.2559 12.0798 
 4  58 15262  0  0  0 1 0 0  0 0  0 11 0 1  36 3 2 0 0 0 0 0  5  3.2559 12.0798 
 3  58 15263  0  0  0 1 1 0  0 0  0  3 1 3  36 3 2 0 0 0 1 0  4  3.2559 12.0798 
 1  58 15264  0  0  1 0 1 0  0 0  0  2 0 1  36 3 2 0 0 1 1 0  3  3.2559 12.0798 
 3  58 15265  0  0  0 0 0 0  0 0  0  7 1 3  36 3 2 0 0 0 0 1  3  3.2559 12.0798 
 3  58 15266  0  0  0 0 1 0  0 0  0  2 1 1  36 3 2 0 0 1 0 1  4  3.2559 12.0798 
 5  58 15267  0  0  0 0 1 0  0 0  0  8 1 1  36 3 2 0 0 1 1 0  4  3.2559 12.0798 
 2  58 15268  0  0  0 0 0 0  0 0  0  2 0 1  36 3 2 0 0 0 0 0  3  3.2559 12.0798 
 2  58 15269  0  0  0 0 0 0  0 0  0  4 1 2  36 3 2 0 0 0 0 0  3  3.2559 12.0798 
 3  58 15270  0  0  0 0 1 0  0 0  1 14 0 1  36 3 2 0 0 0 0 0  4  3.2559 12.0798 
 1  45 15360  0  0  0 0 1 0  0 0  0  4 0 1  39 3 2 1 0 0 0 1  4  2.5606 10.2619 
 2  45 15361  0  0  0 0 0 0  0 0  0 12 0 1  39 3 2 1 0 0 1 0  4  2.5606 10.2619 
 3  45 15362  0  0  0 0 1 0  0 0  1  2 0 1  39 3 2 1 0 0 0 1  4  2.5606 10.2619 
 1  45 15364  0  0  0 0 0 0  0 0  0  2 0 1  39 3 2 1 0 0 2 1  2  2.5606 10.2619 
 1  45 15365  0  0  0 0 1 0  0 0  1  2 0 4  39 3 2 1 0 1 0 1  4  2.5606 10.2619 
 1  45 15366  0  0  0 0 1 0  0 0  0 10 0 1  39 3 2 1 0 0 0 1  3  2.5606 10.2619 
 1   5 16633  0  0  0 0 1 0  0 0  0  7 1 1  39 2 2 0 0 1 2 0  3  9.5487 43.6370 
 2   5 16634  0  0  0 0 1 0  0 0  1  3 1 1  39 2 2 0 0 0 1 0  3  9.5487 43.6370 
 2   5 16636  0  0  0 0 1 0  0 0  0  3 0 1  39 2 2 0 0 0 0 0  4  9.5487 43.6370 
 3   5 16637  0  0  0 0 1 1  0 0  0  9 0 5  39 2 2 0 0 0 1 0  5  9.5487 43.6370 
 1  19 16737  0  0  0 0 0 0  0 0  0 17 1 3  45 3 2 1 0 0 0 0  3  3.5175  2.0866 
 1  19 16738  0  0  0 0 0 0  0 0  1 17 0 3  45 3 2 1 0 0 0 0  3  3.5175  2.0866 
 2  19 16739  0  0  0 0 0 0  0 1  1 16 1 3  45 3 2 1 0 0 0 0  3  3.5175  2.0866 
 2  19 16740  0  0  0 0 0 0  0 0  1 16 1 3  45 3 2 1 0 0 0 0  4  3.5175  2.0866 
 2  19 16741  0  0  1 0 0 0  0 0  0 12 1 3  45 3 2 1 0 0 0 0  2  3.5175  2.0866 
 1  19 16742  0  0  0 0 1 0  0 1  0 11 1 3  45 3 2 1 0 0 1 0  4  3.5175  2.0866 
 2  19 16743  0  0  0 0 0 0  0 0  1 11 0 5  45 3 2 1 0 0 0 0  4  3.5175  2.0866 
 1  19 16744  0  0  0 0 1 0  0 0  0  9 0 4  45 3 2 1 0 0 0 0  2  3.5175  2.0866 
 2  19 16745  0  0  0 0 0 0  0 0  0 14 0 3  45 3 2 1 0 0 1 0  3  3.5175  2.0866 
 1  19 16746  0  0  0 0 0 0  0 0  0  6 0 3  45 3 2 1 0 0 0 0  4  3.5175  2.0866 
 1  19 16747  0  0  0 0 1 0  0 0  1  5 1 3  45 3 2 1 0 0 0 0  4  3.5175  2.0866 
 1  19 16748  0  0  0 0 0 0  0 0  0  5 0 1  45 3 2 1 0 0 0 0  4  3.5175  2.0866 
 3  19 16749  0  0  0 0 1 0  0 0  0  5 0 3  45 3 2 1 0 0 0 0  4  3.5175  2.0866 
 1  19 16751  0  1  0 0 1 0  0 0  0  5 0 3  45 3 2 1 0 1 2 0  2  3.5175  2.0866 
 2  19 16752  0  0  0 0 1 0  0 0  0  4 0 3  45 3 2 1 0 0 0 0  4  3.5175  2.0866 
 1  19 16753  0  0  0 1 1 0  0 0  0  3 1 1  45 3 2 1 0 0 2 1  4  3.5175  2.0866 
 2  19 16754  0  0  0 0 0 0  0 0  0  4 0 4  45 3 2 1 0 0 0 2  4  3.5175  2.0866 
 6  19 16755  0  0  0 1 1 0  0 0  1  2 0 4  45 3 2 1 0 0 0 0  3  3.5175  2.0866 
 2  19 16756  0  0  0 0 1 0  0 0  1  5 0 3  45 3 2 1 0 0 1 0  4  3.5175  2.0866 
 2  19 16757  0  0  0 0 0 0  0 0  0  2 0 5  45 3 2 1 0 0 1 1  4  3.5175  2.0866 
 1  19 16758  0  0  0 0 1 0  0 0  0  3 0 3  45 3 2 1 0 0 0 0  3  3.5175  2.0866 
 1  19 16759  0  0  0 0 1 0  0 0  0  4 1 2  45 3 2 1 0 0 1 0  4  3.5175  2.0866 
 1  19 16760  0  1  0 1 1 0  0 0  0 11 0 3  45 3 2 1 0 0 2 0  3  3.5175  2.0866 
 1  19 16761  0  0  0 0 0 0  0 0  0  6 0 5  45 3 2 1 0 0 1 0  3  3.5175  2.0866 
 1  19 16762  0  0  0 0 1 0  0 0  1  4 1 2  45 3 2 1 0 0 0 0  4  3.5175  2.0866 
 1  19 16763  0  0  0 1 0 0  0 0  0  3 0 4  45 3 2 1 0 0 0 1  4  3.5175  2.0866 
 1  19 16764  0  0  0 0 0 0  0 0  0  3 1 4  45 3 2 1 0 0 2 0  3  3.5175  2.0866 
 1  19 16765  0  0  0 0 0 0  0 0  0  4 0 3  45 3 2 1 0 0 0 0  4  3.5175  2.0866 
 1  19 16766  0  0  0 0 1 0  0 0  1  3 0 4  45 3 2 1 0 0 0 0  2  3.5175  2.0866 
 2  19 16767  0  1  0 0 1 0  0 0  1  4 0 4  45 3 2 1 0 0 1 0  3  3.5175  2.0866 
 3  18 16922  0  0  0 0 0 0  0 0  1 11 1 2  24 2 2 0 0 0 0 2  4  3.8462 51.5378 
 3  18 16923  0  0  0 0 1 0  0 0  1 14 0 3  24 2 2 0 0 0 1 2  6  3.8462 51.5378 
 2  18 16924  0  0  1 0 1 0  0 0  1  4 0 2  24 2 2 0 0 0 0 0  4  3.8462 51.5378 
 2  18 16925  0  0  0 0 1 0  0 1  1  8 1 1  24 2 2 0 0 0 0 1  4  3.8462 51.5378 
 5  18 16926  0  0  0 1 1 0  0 0  0  8 0 2  24 2 2 0 0 0 0 2  6  3.8462 51.5378 
 4  50 17005  0  0  0 1 1 0  0 0  1  7 0 4  55 3 2 0 0 0 0 0  4  4.1043 29.5487 
 5  50 17006  0  0  0 1 1 0  0 0  1  7 1 3  55 3 2 0 0 0 2 2  4  4.1043 29.5487 
 2  50 17007  0  1  1 0 0 0  0 0  0 14 0 1  55 3 2 0 0 0 1 0  4  4.1043 29.5487 
 1  19 17379  0  0  0 0 1 1  0 0  1  6 0 3  45 3 2 1 0 0 0 0  3  3.5175  2.0866 
 2  19 17381  0  0  0 0 0 0  0 0  0  3 1 3  45 3 2 1 0 0 0 0  4  3.5175  2.0866 
 1  19 17428  0  0  0 0 0 0  0 0  1 11 1 3  45 3 2 1 0 0 1 0  3  3.5175  2.0866 
 2   8 17780  0  0  0 0 0 0  0 0  0  4 0 5   0 2 2 0 0 0 0 1  2  2.9617  9.2187 
 3   8 17781  0  0  0 1 0 0  0 0  0  8 1 2   0 2 2 0 0 0 1 0  2  2.9617  9.2187 
 3   8 17782  0  0  0 1 1 0  0 0  0  5 1 5   0 2 2 0 0 3 1 2  4  2.9617  9.2187 
 2   8 17783  0  0  0 0 0 0  0 0  0  2 0 5   0 2 2 0 0 0 1 1  2  2.9617  9.2187 
 2  17    28  1  0  0 0 1 0  0 0  1  4 0 3  51 4 2 1 0 1 0 1  2  4.6419 11.5169 
 3  17    29  1  0  0 0 1 0  0 0  1 17 1 2  51 4 2 1 0 0 0 0  3  4.6419 11.5169 
 2  17    30  1  0  0 0 1 0  0 0  0  4 0 3  51 4 2 1 0 1 0 1  2  4.6419 11.5169 
 3  17    31  1  0  1 0 1 0  0 0  0  2 0 3  51 4 2 1 0 0 2 0  4  4.6419 11.5169 
 2  17    32  1  0  0 0 1 0  0 0  0  6 1 1  51 4 2 1 0 1 0 0  3  4.6419 11.5169 
 1  17    33  1  0  0 0 0 0  0 0  0  3 1 3  51 4 2 1 0 0 1 0  3  4.6419 11.5169 
 4  17    34  1  1  0 1 1 0  1 0  1  5 0 4  51 4 2 1 0 0 1 1  4  4.6419 11.5169 
 1  17    35  1  0  0 0 1 0  0 0  0  6 0 2  51 4 2 1 0 1 0 0  2  4.6419 11.5169 
 4  17    36  1  0  1 1 1 0  0 0  0 11 0 2  51 4 2 1 0 0 2 0  4  4.6419 11.5169 
 1  17    37  1  0  0 1 1 0  0 0  0  5 1 3  51 4 2 1 0 0 1 1  2  4.6419 11.5169 
 1  17    38  1  0  0 1 1 0  0 0  0  2 0 2  51 4 2 1 0 0 0 1  2  4.6419 11.5169 
 1  17    39  1  0  0 0 0 0  0 0  0 10 1 3  51 4 2 1 0 0 0 0  3  4.6419 11.5169 
 6  17    40  1  1  0 0 1 0  0 0  1  2 0 1  51 4 2 1 0 1 1 1  4  4.6419 11.5169 
 2  17    41  1  0  0 0 1 0  0 0  0  3 0 3  51 4 2 1 0 0 1 0  1  4.6419 11.5169 
 2  27    42  1  0  0 0 1 0  0 0  1  4 0 3  43 4 1 2 0 1 2 2  3  8.6794 68.2227 
 1  27    46  1  1  0 0 0 0  0 0  0  3 0 3  43 4 1 2 0 0 0 1  4  8.6794 68.2227 
 5  27    47  1  0  0 0 1 0  0 0  0 13 0 3  43 4 1 2 0 1 1 1  4  8.6794 68.2227 
 2  27    49  1  0  0 0 1 0  0 0  1 13 0 3  43 4 1 2 0 1 1 2  4  8.6794 68.2227 
 4  27    50  1  0  0 0 1 0  0 0  0  4 0 3  43 4 1 2 0 1 1 4  0  8.6794 68.2227 
 3  27    51  1  0  0 0 1 0  0 0  0  5 0 3  43 4 1 2 0 1 1 1  2  8.6794 68.2227 
 1  27    52  1  0  0 0 0 0  0 0  0  6 1 3  43 4 1 2 0 0 0 3  3  8.6794 68.2227 
 3  27    53  1  0  0 0 1 0  0 0  1 14 0 3  43 4 1 2 0 1 1 2  4  8.6794 68.2227 
 1  27    55  1  0  0 0 1 0  0 0  0  6 0 3  43 4 1 2 0 2 1 2  4  8.6794 68.2227 
 3  27    56  1  0  0 0 1 0  0 0  1 13 0 3  43 4 1 2 0 0 1 2  4  8.6794 68.2227 
 3  27    57  1  0  0 0 1 0  0 0  0  3 0 3  43 4 1 2 0 0 1 1  3  8.6794 68.2227 
 7  27    59  1  0  0 0 1 1  1 0  1  4 0 3  43 4 1 2 0 0 0 1  3  8.6794 68.2227 
 1  27    60  1  1  0 0 1 0  0 0  0 11 1 3  43 4 1 2 1 0 2 1  4  8.6794 68.2227 
 1  27    61  1  1  0 1 1 0  0 0  0 13 1 2  43 4 1 2 0 1 1 3  4  8.6794 68.2227 
 1  27    62  1  0  0 1 1 0  0 0  0  2 0 2  43 4 1 2 0 1 2 2  3  8.6794 68.2227 
 3  27    63  1  0  0 0 1 0  0 0  0 15 1 3  43 4 1 2 0 1 0 0  4  8.6794 68.2227 
 1  27    64  1  0  0 0 1 0  0 0  0  3 1 3  43 4 1 2 0 1 0 2  2  8.6794 68.2227 
 5  27    65  1  0  0 1 0 0  0 0  1  2 0 3  43 4 1 2 0 0 0 0  3  8.6794 68.2227 
 2  27    66  1  0  0 1 1 0  0 0  1  2 0 3  43 4 1 2 0 0 1 2  4  8.6794 68.2227 
 5  27    67  1  0  0 0 1 0  0 0  0  2 0 3  43 4 1 2 0 1 1 1  4  8.6794 68.2227 
 2  27    68  1  0  0 0 1 0  0 0  1  7 1 3  43 4 1 2 0 0 0 0  3  8.6794 68.2227 
 3  27    69  1  0  0 0 1 0  0 0  0  2 0 2  43 4 1 2 0 0 1 3  3  8.6794 68.2227 
 4  27    70  1  1  0 0 1 0  0 0  0  4 1 2  43 4 1 2 0 1 2 4  2  8.6794 68.2227 
 2  27    71  1  0  0 0 0 0  0 0  0  2 0 3  43 4 1 2 0 0 0 2  3  8.6794 68.2227 
 2  27    72  1  0  0 0 0 0  0 0  0  2 0 3  43 4 1 2 0 0 1 1  4  8.6794 68.2227 
 1  27    73  1  0  0 0 0 0  0 0  0  5 0 2  43 4 1 2 0 0 1 2  2  8.6794 68.2227 
 2  27    74  1  0  0 0 1 0  0 0  1 14 0 3  43 4 1 2 0 1 1 2  4  8.6794 68.2227 
 5  27    75  1  0  0 1 1 0  0 0  0  7 0 3  43 4 1 2 0 0 1 1  4  8.6794 68.2227 
 2  27    76  1  0  0 0 1 0  1 0  1  3 1 3  43 4 1 2 0 0 0 1  4  8.6794 68.2227 
 3  57   106  1  0  0 1 1 1  0 0  0  5 0 1  26 2 1 1 0 0 1 0  4  4.3699 44.7471 
 2  57   109  1  0  0 0 1 0  0 0  0 12 1 1  26 2 1 1 0 0 0 0  2  4.3699 44.7471 
 3  57   110  1  0  0 0 1 0  0 0  1  4 0 2  26 2 1 1 0 0 0 0  4  4.3699 44.7471 
 2  57   111  1  0  0 0 1 0  0 0  0  3 0 3  26 2 1 1 0 0 1 1  3  4.3699 44.7471 
 1  57   112  1  1  0 1 1 0  0 0  0  2 0 1  26 2 1 1 0 0 1 0  2  4.3699 44.7471 
 1  57   113  1  0  0 0 1 0  0 0  1  4 0 5  26 2 1 1 0 0 0 1  0  4.3699 44.7471 
 1  57   114  1  0  0 0 1 0  0 0  0  2 0 3  26 2 1 1 0 0 0 3  1  4.3699 44.7471 
 3  57   115  1  0  0 0 1 0  0 0  0 15 0 3  26 2 1 1 0 0 1 0  3  4.3699 44.7471 
 1  57   116  1  0  0 0 0 0  0 0  1  7 0 2  26 2 1 1 0 0 1 0  3  4.3699 44.7471 
 3  57   117  1  0  0 0 1 0  0 0  0 11 1 2  26 2 1 1 0 0 1 0  3  4.3699 44.7471 
 1  57   118  1  0  1 0 0 0  0 0  1 15 0 3  26 2 1 1 0 0 1 1  3  4.3699 44.7471 
 2  57   119  1  0  1 0 1 0  0 0  0 15 0 3  26 2 1 1 0 0 0 0  2  4.3699 44.7471 
 2  57   120  1  0  0 0 0 0  0 0  0 10 1 2  26 2 1 1 0 0 0 1  3  4.3699 44.7471 
 3  57   121  1  0  0 0 1 0  0 0  1  5 0 2  26 2 1 1 0 0 0 0  3  4.3699 44.7471 
 2  57   122  1  0  0 0 0 0  0 0  0 16 0 3  26 2 1 1 0 0 0 1  3  4.3699 44.7471 
 5  57   123  1  0  0 1 1 0  0 0  0  6 0 3  26 2 1 1 0 0 0 0  4  4.3699 44.7471 
 4  57   124  1  0  0 0 0 0  0 0  0  2 1 1  26 2 1 1 0 0 1 0  3  4.3699 44.7471 
 2  57   125  1  0  0 0 1 0  0 0  0  3 0 1  26 2 1 1 1 0 1 0  3  4.3699 44.7471 
 5  57   126  1  0  0 0 1 0  0 0  0  4 0 3  26 2 1 1 0 0 0 0  3  4.3699 44.7471 
 2   2   535  1  0  0 0 1 0  0 0  1  3 0 3  41 3 1 0 0 2 1 2  3  4.7452 22.9693 
 2   2   536  1  0  0 0 1 0  0 0  1 14 0 3  41 3 1 0 0 0 0 1  2  4.7452 22.9693 
 4   2   537  1  0  0 0 1 0  0 0  1  5 0 1  41 3 1 0 0 0 0 1  4  4.7452 22.9693 
 3   2   538  1  0  0 0 1 0  0 0  0  6 0 3  41 3 1 0 0 1 1 1  3  4.7452 22.9693 
 2   2   539  1  0  0 0 1 0  0 0  0  6 0 1  41 3 1 0 0 0 1 1  5  4.7452 22.9693 
 1   2   540  1  0  0 0 1 0  0 0  0  5 0 1  41 3 1 0 0 1 2 1  4  4.7452 22.9693 
 1   2   541  1  0  0 0 1 0  0 0  0  6 1 1  41 3 1 0 0 0 1 0  2  4.7452 22.9693 
 6   2   542  1  0  0 1 1 0  0 0  0  3 1 1  41 3 1 0 0 0 0 0  3  4.7452 22.9693 
 1   2   543  1  0  0 0 0 0  0 0  1 14 0 2  41 3 1 0 0 0 0 1  2  4.7452 22.9693 
 9   2   544  1  0  0 0 0 0  0 0  0  3 0 1  41 3 1 0 0 0 0 1  3  4.7452 22.9693 
 2   2   548  1  0  0 0 1 0  0 0  1  3 0 1  41 3 1 0 0 1 0 0  3  4.7452 22.9693 
 1   2   549  1  0  0 1 1 0  0 0  1 10 0 1  41 3 1 0 0 1 0 2  2  4.7452 22.9693 
 6   2   550  1  0  0 0 1 0  0 0  0  6 0 1  41 3 1 0 0 0 0 1  2  4.7452 22.9693 
 3   2   551  1  0  0 0 1 0  0 0  1 11 1 1  41 3 1 0 0 1 0 1  2  4.7452 22.9693 
 3  18   552  1  0  0 0 1 0  0 0  0  3 0 2  24 2 2 0 0 0 0 2  4  3.8462 51.5378 
 2  18   553  1  0  0 0 1 0  0 0  0  4 0 2  24 2 2 0 0 1 1 2  4  3.8462 51.5378 
 3  18   554  1  0  1 0 0 0  0 0  0  2 1 2  24 2 2 0 0 0 1 1  4  3.8462 51.5378 
 2  18   555  1  0  1 0 0 0  0 0  0  3 0 2  24 2 2 0 0 0 0 1  4  3.8462 51.5378 
 3  18   556  1  2  1 0 1 0  0 0  1 17 1 2  24 2 2 0 0 0 0 0  4  3.8462 51.5378 
 3  18   557  1  0  1 1 1 0  0 0  1 17 0 2  24 2 2 0 0 0 0 1  5  3.8462 51.5378 
 3  18   558  1  1  0 0 1 0  0 0  1  4 0 2  24 2 2 0 0 0 0 2  5  3.8462 51.5378 
 3  18   559  1  0  0 0 1 0  0 0  1  4 0 2  24 2 2 0 0 1 1 2  4  3.8462 51.5378 
 3  18   560  1  0  1 0 1 0  0 0  1  4 0 2  24 2 2 0 0 0 1 1  4  3.8462 51.5378 
 3  18   561  1  1  0 0 1 0  0 0  1 13 1 2  24 2 2 0 0 0 0 1  4  3.8462 51.5378 
 3  18   562  1  0  0 0 1 0  0 0  0  2 0 3  24 2 2 0 0 1 0 2  4  3.8462 51.5378 
 2  18   563  1  0  0 0 1 1  0 0  1  5 0 3  24 2 2 0 0 0 0 2  4  3.8462 51.5378 
 3  18   565  1  0  1 0 1 0  0 0  0  3 0 2  24 2 2 0 0 2 1 2  4  3.8462 51.5378 
 2  18   566  1  0  0 1 1 0  0 0  0  3 0 2  24 2 2 0 0 2 1 2  4  3.8462 51.5378 
 1  23   645  1  0  0 0 1 0  0 0  0  3 1 2  47 4 2 2 0 0 1 0  3  6.4841  1.1797 
 4   7   658  1  1  0 0 1 0  0 0  1 14 0 3  41 3 2 2 0 0 0 0  4  9.3671 64.2821 
 2   7   659  1  0  0 0 1 0  0 0  0  7 1 2  41 3 2 2 0 0 0 0  2  9.3671 64.2821 
 2   7   660  1  0  0 0 1 0  0 0  1  5 0 3  41 3 2 2 0 0 0 0  3  9.3671 64.2821 
 2   7   661  1  0  0 0 1 0  0 0  0  5 0 3  41 3 2 2 0 0 1 0  2  9.3671 64.2821 
 1   7   662  1  1  0 1 0 0  0 0  1 13 0 3  41 3 2 2 0 0 0 0  3  9.3671 64.2821 
 2   7   663  1  0  0 0 1 0  0 0  1  3 0 3  41 3 2 2 0 0 0 0  2  9.3671 64.2821 
 3   7   664  1  0  0 0 1 0  0 0  0  6 0 2  41 3 2 2 0 0 1 0  2  9.3671 64.2821 
 3   7   665  1  0  0 0 1 0  0 0  0 11 1 2  41 3 2 2 0 0 0 0  3  9.3671 64.2821 
 2   7   666  1  0  0 0 1 0  0 0  0  3 0 4  41 3 2 2 0 0 1 0  4  9.3671 64.2821 
 1   7   667  1  0  0 0 1 0  0 0  0  7 0 2  41 3 2 2 0 1 0 1  2  9.3671 64.2821 
 2   7   668  1  0  0 0 1 0  0 0  0  6 0 3  41 3 2 2 0 1 0 1  2  9.3671 64.2821 
 2   7   669  1  0  0 0 1 0  0 0  1  8 0 2  41 3 2 2 0 0 2 0  2  9.3671 64.2821 
 4   7   670  1  0  0 0 1 0  0 0  1  4 0 3  41 3 2 2 0 0 1 2  3  9.3671 64.2821 
 1   7   671  1  0  0 0 1 0  0 0  1  3 0 3  41 3 2 2 0 0 0 0  1  9.3671 64.2821 
 2   7   672  1  2  0 0 1 0  0 0  0  2 1 2  41 3 2 2 0 0 0 0  1  9.3671 64.2821 
 4   7   673  1  0  0 0 1 0  0 1  1 12 1 1  41 3 2 2 0 1 1 1  2  9.3671 64.2821 
 3   7   674  1  0  0 0 1 0  0 0  1  2 1 2  41 3 2 2 0 0 0 0  1  9.3671 64.2821 
 1   7   675  1  0  0 0 0 0  0 0  1  5 0 1  41 3 2 2 1 0 0 0  1  9.3671 64.2821 
 2   7   676  1  0  0 0 1 0  0 0  1  6 1 1  41 3 2 2 0 0 1 0  1  9.3671 64.2821 
 2   7   677  1  0  0 0 1 0  0 0  1  7 0 2  41 3 2 2 0 1 0 0  2  9.3671 64.2821 
 1   7   678  1  0  0 0 0 0  0 0  0  6 0 2  41 3 2 2 0 0 1 0  2  9.3671 64.2821 
 2   7   679  1  1  0 0 1 0  0 0  0  6 0 3  41 3 2 2 0 0 0 1  3  9.3671 64.2821 
 4   7   680  1  0  0 0 1 0  0 0  1 13 0 2  41 3 2 2 0 0 1 0  2  9.3671 64.2821 
 3   7   681  1  0  0 1 1 0  0 0  0  5 1 2  41 3 2 2 0 0 3 0  5  9.3671 64.2821 
 2   7   682  1  0  0 0 0 0  0 0  1  6 1 2  41 3 2 2 0 0 0 0  2  9.3671 64.2821 
 2   7   683  1  1  0 1 1 0  0 0  1  2 1 3  41 3 2 2 0 2 2 1  2  9.3671 64.2821 
 3   7   684  1  0  0 0 1 0  0 0  1  6 1 2  41 3 2 2 0 0 1 0  2  9.3671 64.2821 
 1   7   685  1  0  0 0 1 0  0 0  0  5 0 2  41 3 2 2 0 0 2 0  1  9.3671 64.2821 
 2   7   686  1  0  0 0 1 0  0 0  1  7 0 2  41 3 2 2 0 0 1 0  4  9.3671 64.2821 
 5   7   687  1  1  0 0 0 0  0 0  1 14 1 2  41 3 2 2 0 0 0 0  4  9.3671 64.2821 
 3   7   688  1  0  0 0 1 1  0 0  1  8 0 2  41 3 2 2 0 0 2 0  2  9.3671 64.2821 
 2   7   689  1  0  0 0 1 0  0 0  0  5 0 3  41 3 2 2 0 1 0 0  1  9.3671 64.2821 
 2   7   690  1  1  0 0 1 0  0 0  0  8 0 3  41 3 2 2 0 1 0 1  1  9.3671 64.2821 
 1   7   691  1  0  0 1 1 0  0 0  0  9 0 2  41 3 2 2 0 0 0 2  3  9.3671 64.2821 
 4  30   907  1  0  0 0 1 0  1 0  1  5 0 3  17 2 2 1 0 0 1 0  4  2.8125 14.8159 
 6  30   910  1  0  0 0 1 0  0 0  1  2 1 3  17 2 2 1 0 0 1 0  3  2.8125 14.8159 
 1  30   911  1  0  0 0 1 0  0 0  0 10 0 3  17 2 2 1 0 0 0 1  2  2.8125 14.8159 
 4  30   913  1  0  0 0 1 1  0 0  0  4 0 1  17 2 2 1 0 0 1 0  4  2.8125 14.8159 
 3  30   914  1  0  0 1 1 0  0 0  0  4 0 1  17 2 2 1 0 0 2 0  4  2.8125 14.8159 
 2  30   915  1  2  1 0 0 0  0 0  1  7 0 2  17 2 2 1 0 0 2 1  3  2.8125 14.8159 
 3  30   916  1  2  1 0 1 0  0 0  0  2 0 2  17 2 2 1 0 1 0 0  5  2.8125 14.8159 
 3  30   917  1  0  0 1 0 0  0 0  0  3 0 1  17 2 2 1 0 0 0 1  4  2.8125 14.8159 
 3  30   918  1  0  0 1 1 0  0 0  1  2 1 1  17 2 2 1 0 0 1 0  4  2.8125 14.8159 
 3  30   919  1  0  0 0 1 0  0 0  0  2 0 4  17 2 2 1 0 2 1 1  4  2.8125 14.8159 
 2  30   920  1  0  0 0 1 0  0 0  0  6 0 1  17 2 2 1 0 1 1 0  3  2.8125 14.8159 
 5  30   921  1  1  0 0 1 1  0 0  0 10 1 3  17 2 2 1 0 0 1 0  4  2.8125 14.8159 
 5  30   922  1  0  0 0 1 0  0 0  1 10 0 3  17 2 2 1 0 1 1 0  4  2.8125 14.8159 
 3  30   923  1  0  0 0 1 0  0 0  1 14 0 3  17 2 2 1 0 0 1 1  4  2.8125 14.8159 
 2  30   924  1  0  0 1 0 0  0 0  1 14 0 2  17 2 2 1 0 0 0 0  4  2.8125 14.8159 
 2  30   925  1  1  0 0 1 0  0 0  0  2 0 1  17 2 2 1 0 0 0 0  4  2.8125 14.8159 
 4  30   926  1  0  0 1 1 0  0 0  0  7 0 2  17 2 2 1 0 0 0 1  4  2.8125 14.8159 
 2  24  1061  1  0  0 0 1 0  0 0  0 10 1 3  40 3 2 1 0 0 0 1  4  3.6825  3.3641 
 1  24  1062  1  0  0 0 1 0  0 0  0  3 0 3  40 3 2 1 0 1 1 4  3  3.6825  3.3641 
 2  24  1063  1  0  1 0 1 0  0 0  0  3 0 3  40 3 2 1 0 1 1 1  3  3.6825  3.3641 
 2  10  1355  1  0  0 0 1 0  0 0  0  2 0 2  25 1 2 0 0 2 0 1  4  3.9658 22.3589 
 2  10  1356  1  0  0 0 1 0  0 0  1 14 0 2  25 1 2 0 0 0 0 0  4  3.9658 22.3589 
 3  10  1357  1  0  0 0 0 0  0 0  0 14 0 2  25 1 2 0 0 0 1 1  4  3.9658 22.3589 
 3   4  1396  1  0  0 0 1 0  0 0  1 10 0 3  34 2 2 2 0 0 0 0  3  7.4683 64.5796 
 1   4  1397  1  0  0 0 1 1  0 0  0  5 1 3  34 2 2 2 0 0 0 0  1  7.4683 64.5796 
 3   4  1398  1  0  0 0 1 0  0 0  0  4 1 3  34 2 2 2 0 0 0 1  3  7.4683 64.5796 
 5   4  1399  1  3  0 0 1 0  0 0  0  2 1 3  34 2 2 2 0 0 1 0  4  7.4683 64.5796 
 2   6  1462  1  0  1 0 1 0  0 0  0  7 1 2  12 2 2 0 0 0 0 0  3  6.9006 33.4799 
 2   6  1463  1  2  0 1 1 0  0 0  1  4 0 2  12 2 2 0 0 0 1 1  3  6.9006 33.4799 
 3   6  1464  1  0  0 1 1 0  0 0  0  4 1 2  12 2 2 0 0 0 0 0  4  6.9006 33.4799 
 3   6  1468  1  0  0 1 1 0  0 0  1  5 0 3  12 2 2 0 0 0 2 0  2  6.9006 33.4799 
 2   6  1469  1  0  0 0 1 0  0 0  1 11 0 2  12 2 2 0 0 0 0 2  2  6.9006 33.4799 
 3   6  1470  1  0  0 0 0 0  0 0  0  5 0 2  12 2 2 0 0 0 0 1  2  6.9006 33.4799 
 1   6  1471  1  0  0 0 0 0  0 0  0 12 0 4  12 2 2 0 0 0 0 1  3  6.9006 33.4799 
 1   6  1472  1  0  0 0 0 0  0 0  0  3 0 5  12 2 2 0 0 0 0 1  3  6.9006 33.4799 
 3   6  1474  1  1  0 0 1 0  0 0  0  9 0 1  12 2 2 0 0 1 0 0  4  6.9006 33.4799 
 2   6  1476  1  0  0 0 1 0  0 0  0  3 1 5  12 2 2 0 0 0 0 0  1  6.9006 33.4799 
 2  20  1620  1  0  0 0 1 1  0 0  1  3 0 1  39 3 2 1 0 0 3 0  3  3.5233  2.0587 
 4  20  1629  1  0  0 1 1 0  0 0  0  2 0 1  39 3 2 1 0 0 1 0  4  3.5233  2.0587 
 2  20  1631  1  0  0 1 1 1  0 0  0  3 1 5  39 3 2 1 0 0 0 0  4  3.5233  2.0587 
 2  20  1633  1  0  0 0 1 0  0 0  0  8 0 5  39 3 2 1 0 0 1 0  2  3.5233  2.0587 
 6   4  1795  1  0  0 0 1 0  0 0  1 13 1 3  34 2 2 2 0 0 0 1  2  7.4683 64.5796 
 4   4  1796  1  0  0 1 1 1  0 0  1 10 1 3  34 2 2 2 0 0 1 1  3  7.4683 64.5796 
 2   4  1799  1  0  0 0 1 0  0 0  0  5 1 3  34 2 2 2 0 0 0 0  0  7.4683 64.5796 
 1   4  1801  1  0  0 0 1 0  0 0  1  5 1 3  34 2 2 2 0 1 1 0  2  7.4683 64.5796 
 3   4  1805  1  0  0 0 1 0  1 0  1 14 1 1  34 2 2 2 0 0 2 0  2  7.4683 64.5796 
 1   4  1806  1  0  0 0 1 1  0 0  0  5 0 2  34 2 2 2 0 0 1 1  1  7.4683 64.5796 
 2   4  1836  1  0  0 0 1 0  0 0  1 12 0 3  34 2 2 2 0 0 0 0  2  7.4683 64.5796 
 3   4  1845  1  0  0 0 1 0  0 0  0 12 0 3  34 2 2 2 0 0 0 0  3  7.4683 64.5796 
 2   4  1847  1  1  0 0 1 0  0 0  1  8 0 3  34 2 2 2 0 0 0 1  0  7.4683 64.5796 
 1   4  1849  1  0  0 0 1 1  0 0  0  6 0 3  34 2 2 2 0 0 0 0  1  7.4683 64.5796 
 3   4  1852  1  0  0 0 0 0  0 0  0  6 0 3  34 2 2 2 0 0 1 0  1  7.4683 64.5796 
 1   4  1853  1  0  0 0 1 0  0 0  0  6 0 3  34 2 2 2 0 0 1 0  1  7.4683 64.5796 
 2   4  1856  1  0  0 0 1 1  0 0  1  4 1 3  34 2 2 2 0 0 0 0  1  7.4683 64.5796 
 2   4  1859  1  0  0 0 1 0  0 0  1  5 1 3  34 2 2 2 0 0 0 1  2  7.4683 64.5796 
 2   4  1860  1  0  0 0 1 0  0 0  1  5 1 3  34 2 2 2 0 0 1 0  0  7.4683 64.5796 
 2   4  1861  1  0  0 0 1 0  0 0  0  6 1 3  34 2 2 2 0 0 0 1  0  7.4683 64.5796 
 5   4  1862  1  2  0 0 1 0  1 0  1  3 0 3  34 2 2 2 0 0 0 0  3  7.4683 64.5796 
 6   4  1863  1  0  0 0 1 0  0 0  0  5 0 1  34 2 2 2 1 0 1 0  2  7.4683 64.5796 
 4   4  1864  1  0  0 0 1 0  0 0  0  2 1 3  34 2 2 2 0 0 0 1  0  7.4683 64.5796 
 2   4  1865  1  0  0 0 1 1  0 0  0  4 0 3  34 2 2 2 0 0 2 0  3  7.4683 64.5796 
 2   4  1866  1  1  0 0 0 0  1 0  1 11 0 3  34 2 2 2 0 0 0 0  1  7.4683 64.5796 
 5   4  1867  1  1  0 0 1 1  1 0  1 11 0 3  34 2 2 2 0 0 0 0  3  7.4683 64.5796 
 1   4  1869  1  0  0 0 1 0  0 0  0  2 1 3  34 2 2 2 0 0 1 1  2  7.4683 64.5796 
 1   5  2037  1  0  0 0 1 0  0 1  1  9 1 1  39 2 2 0 0 1 0 0  2  9.5487 43.6370 
 2   5  2041  1  0  0 0 1 0  0 0  0  3 0 2  39 2 2 0 0 1 1 0  3  9.5487 43.6370 
 1   5  2042  1  0  0 1 0 0  0 0  1  2 0 3  39 2 2 0 0 0 0 0  4  9.5487 43.6370 
 3   5  2043  1  0  0 0 1 1  0 0  1 10 0 3  39 2 2 0 1 0 0 0  4  9.5487 43.6370 
 1   5  2044  1  0  0 0 0 0  0 0  1  3 0 1  39 2 2 0 0 0 1 0  3  9.5487 43.6370 
 1   5  2045  1  1  0 0 0 0  0 0  0  6 1 1  39 2 2 0 0 0 3 2  1  9.5487 43.6370 
 1   5  2046  1  0  0 0 1 0  0 0  1 12 1 3  39 2 2 0 0 0 0 0  3  9.5487 43.6370 
 8  49  2134  1  0  0 0 1 0  0 0  1 17 1 1  44 3 2 0 0 0 1 1 11  4.5611 14.5807 
 3  49  2135  1  0  0 0 1 0  0 0  0 10 1 5  44 3 2 0 0 0 0 1  4  4.5611 14.5807 
 3  49  2136  1  0  0 1 1 0  0 0  0  4 1 1  44 3 2 0 0 1 0 1  3  4.5611 14.5807 
 2  49  2137  1  0  0 1 1 0  0 0  0  4 1 2  44 3 2 0 0 1 0 1  4  4.5611 14.5807 
 2  49  2138  1  0  1 0 1 0  0 0  0 17 1 1  44 3 2 0 0 1 2 0  3  4.5611 14.5807 
 2  49  2139  1  0  0 0 1 1  1 0  1 11 0 3  44 3 2 0 0 0 1 0  1  4.5611 14.5807 
 3  49  2140  1  0  0 0 1 0  0 0  0  2 1 4  44 3 2 0 0 1 2 2  4  4.5611 14.5807 
 3  49  2141  1  0  0 1 1 0  0 0  1  6 1 1  44 3 2 0 0 0 0 1  4  4.5611 14.5807 
 7  49  2142  1  0  1 0 1 0  0 0  0 15 0 2  44 3 2 0 0 0 2 0  4  4.5611 14.5807 
 1  44  2594  1  0  0 1 1 0  0 0  0  4 1 5  33 3 2 0 0 0 1 1  3  3.1863 34.5861 
 5  44  2595  1  0  0 0 1 0  0 0  0 10 1 2  33 3 2 0 0 0 0 1  5  3.1863 34.5861 
 6  44  2596  1  0  0 0 1 0  0 0  0  5 0 2  33 3 2 0 0 0 1 0  3  3.1863 34.5861 
 3  44  2599  1  0  0 1 1 0  0 0  0  2 0 2  33 3 2 0 0 0 0 1  4  3.1863 34.5861 
 4  44  2600  1  1  1 0 1 0  0 0  1 16 1 2  33 3 2 0 0 0 0 0  3  3.1863 34.5861 
 2  44  2601  1  0  0 0 0 0  0 0  1  6 1 3  33 3 2 0 0 0 0 1  4  3.1863 34.5861 
 4  44  2602  1  0  0 0 1 0  0 0  1  5 0 1  33 3 2 0 0 0 1 1  4  3.1863 34.5861 
 4  44  2603  1  0  0 0 1 0  0 0  1  6 1 3  33 3 2 0 0 0 0 0  3  3.1863 34.5861 
 5  44  2604  1  0  1 0 1 0  0 0  0  4 0 3  33 3 2 0 0 1 0 2  4  3.1863 34.5861 
 5  44  2605  1  0  0 1 1 0  0 0  0 12 1 3  33 3 2 0 0 0 2 2  5  3.1863 34.5861 
 4  44  2606  1  0  0 1 1 0  0 0  0  5 1 1  33 3 2 0 0 0 2 1  3  3.1863 34.5861 
 5  44  2607  1  0  0 0 1 0  0 0  0  4 0 1  33 3 2 0 0 0 0 1  3  3.1863 34.5861 
 7  44  2609  1  1  0 0 1 0  0 0  1  2 1 2  33 3 2 0 0 0 1 1  4  3.1863 34.5861 
 3  44  2610  1  0  0 0 1 0  0 0  0  5 1 1  33 3 2 0 0 1 0 1  3  3.1863 34.5861 
 3  44  2612  1  0  0 1 1 0  0 0  0  5 1 1  33 3 2 0 0 0 1 1  4  3.1863 34.5861 
 3  48  2763  1  0  1 0 1 0  0 0  1  7 1 2  37 3 2 0 0 1 1 1  4  4.7026 13.6607 
 3  48  2764  1  0  0 0 1 0  0 0  0  2 0 2  37 3 2 0 0 1 1 1  1  4.7026 13.6607 
 4  48  2765  1  0  0 0 1 0  0 0  1 14 0 2  37 3 2 0 0 0 0 0  4  4.7026 13.6607 
 3  48  2766  1  0  0 0 1 0  0 0  0  4 0 2  37 3 2 0 0 0 0 0  4  4.7026 13.6607 
 1  48  2767  1  0  0 0 1 1  0 0  0 14 0 3  37 3 2 0 0 0 1 0  4  4.7026 13.6607 
 1  48  2768  1  1  0 0 0 0  0 0  0  5 0 2  37 3 2 0 0 0 1 1  1  4.7026 13.6607 
 3  48  2769  1  0  0 0 1 0  0 0  0 16 0 3  37 3 2 0 0 0 1 2  3  4.7026 13.6607 
 5  48  2770  1  0  0 0 1 0  0 0  1  4 0 2  37 3 2 0 0 0 0 0  3  4.7026 13.6607 
 4  48  2771  1  0  0 0 1 1  0 0  0  3 1 2  37 3 2 0 0 0 0 1  2  4.7026 13.6607 
 4  48  2772  1  0  0 0 1 1  0 0  0  3 1 2  37 3 2 0 0 0 0 1  2  4.7026 13.6607 
 6  48  2773  1  1  0 0 1 0  0 0  0 17 1 2  37 3 2 0 0 0 0 2  2  4.7026 13.6607 
 6  48  2774  1  0  0 0 1 0  0 0  0 13 1 1  37 3 2 0 0 0 2 2  3  4.7026 13.6607 
 6  48  2775  1  1  0 0 1 1  0 0  0  6 0 2  37 3 2 0 0 1 1 0  3  4.7026 13.6607 
 3  48  2776  1  0  0 0 1 0  0 0  0  2 0 2  37 3 2 0 0 1 2 0  2  4.7026 13.6607 
 4  48  2777  1  0  0 0 1 1  0 0  1  3 0 2  37 3 2 0 0 1 1 1  2  4.7026 13.6607 
 1  56  4584  1  0  0 0 1 0  0 0  0  3 0 2  34 2 2 0 0 0 1 0  1  8.7974 64.9506 
 2  56  4585  1  0  0 0 1 0  0 0  0  5 0 3  34 2 2 0 0 1 0 2  3  8.7974 64.9506 
 1  56  4587  1  0  0 0 1 0  0 0  0  2 1 1  34 2 2 0 0 1 1 1  2  8.7974 64.9506 
 1  56  4618  1  0  0 0 1 0  0 0  0  7 0 2  34 2 2 0 0 1 0 1  4  8.7974 64.9506 
 1  56  4619  1  0  0 0 1 0  0 0  0  2 1 3  34 2 2 0 0 2 1 2  2  8.7974 64.9506 
 2  56  4620  1  0  0 0 1 0  0 0  1  2 0 2  34 2 2 0 0 1 0 2  4  8.7974 64.9506 
 6  56  4621  1  0  0 0 0 0  0 0  1 13 0 3  34 2 2 0 0 0 1 0  3  8.7974 64.9506 
 5  56  4622  1  0  0 0 1 1  0 0  1  2 1 1  34 2 2 0 0 0 1 0  4  8.7974 64.9506 
 4  56  4623  1  0  0 1 1 0  0 0  1  3 1 3  34 2 2 0 0 0 0 0  5  8.7974 64.9506 
 4  56  4624  1  0  0 1 1 1  0 0  1  3 1 2  34 2 2 0 0 0 1 0  4  8.7974 64.9506 
 2  56  4625  1  0  0 0 1 0  0 0  0  3 0 3  34 2 2 0 0 1 0 0  1  8.7974 64.9506 
 4  56  4626  1  0  0 0 0 0  0 0  1 12 0 3  34 2 2 0 0 0 0 1  2  8.7974 64.9506 
 3  56  4627  1  0  0 0 1 0  0 0  0  6 0 4  34 2 2 0 0 0 0 1  3  8.7974 64.9506 
 2  56  4628  1  0  0 0 1 0  0 0  0  7 0 1  34 2 2 0 0 1 0 1  2  8.7974 64.9506 
 2  56  4629  1  0  0 0 1 1  0 0  0  8 0 1  34 2 2 0 0 2 1 0  2  8.7974 64.9506 
 3  56  4631  1  0  0 0 0 0  0 0  1  4 1 3  34 2 2 0 0 0 0 0  3  8.7974 64.9506 
 1  56  4632  1  0  0 0 0 0  0 0  0  4 0 3  34 2 2 0 0 0 0 1  3  8.7974 64.9506 
 3  56  4633  1  1  0 0 1 0  0 0  1 13 1 2  34 2 2 0 0 1 1 1  3  8.7974 64.9506 
 4  56  4634  1  0  0 0 0 0  0 0  1 11 0 3  34 2 2 0 0 0 0 0  4  8.7974 64.9506 
 2  56  4635  1  1  0 1 1 0  0 0  0  2 0 1  34 2 2 0 0 2 1 3  4  8.7974 64.9506 
 4  56  4636  1  0  0 1 1 0  0 0  0  2 0 3  34 2 2 0 0 1 0 1  3  8.7974 64.9506 
 7  56  4637  1  0  0 1 1 0  0 0  0  6 1 4  34 2 2 0 0 0 1 0  6  8.7974 64.9506 
 2  56  4638  1  0  0 0 1 1  0 0  1 15 1 3  34 2 2 0 0 0 1 0  1  8.7974 64.9506 
 3  56  4639  1  0  0 0 1 0  0 0  1 14 1 3  34 2 2 0 1 0 0 1  1  8.7974 64.9506 
 4  42  7058  1  0  0 0 1 0  0 0  1  2 1 1  40 2 1 2 0 0 1 0  5  6.2894 59.8141 
 2  42  7062  1  0  0 0 1 0  0 0  0  2 0 3  40 2 1 2 0 1 0 0  5  6.2894 59.8141 
 2  42  7066  1  0  0 0 1 0  0 0  1  3 0 2  40 2 1 2 0 0 2 1  3  6.2894 59.8141 
 3  42  7072  1  0  0 0 1 0  0 0  0  2 1 3  40 2 1 2 0 0 0 0  4  6.2894 59.8141 
 2  42  7075  1  0  0 0 1 0  0 0  0  9 0 4  40 2 1 2 0 1 1 1  3  6.2894 59.8141 
 6  42  7081  1  0  0 0 1 0  0 0  0 17 1 3  40 2 1 2 0 0 0 2  4  6.2894 59.8141 
 5  42  7082  1  0  0 0 1 0  0 0  1 12 0 2  40 2 1 2 0 0 1 1  5  6.2894 59.8141 
 7  42  7084  1  0  0 0 1 1  0 0  1 11 0 2  40 2 1 2 0 0 0 0  3  6.2894 59.8141 
 4  42  7091  1  0  0 0 1 0  0 0  0 11 0 2  40 2 1 2 0 0 0 0  3  6.2894 59.8141 
 1  42  7092  1  0  0 0 1 0  0 0  0  4 0 1  40 2 1 2 0 1 2 1  1  6.2894 59.8141 
 2  42  7093  1  0  0 0 1 0  0 0  0  3 0 3  40 2 1 2 0 1 0 1  3  6.2894 59.8141 
 3  42  7094  1  0  0 0 1 0  0 0  0  4 1 3  40 2 1 2 0 0 0 1  3  6.2894 59.8141 
 3  42  7095  1  0  0 0 1 0  0 0  1  2 1 2  40 2 1 2 0 1 1 2  3  6.2894 59.8141 
 2  42  7096  1  0  0 0 1 0  0 0  0  2 0 1  40 2 1 2 0 2 0 1  3  6.2894 59.8141 
 1  42  7097  1  0  0 0 0 0  0 0  0  2 1 3  40 2 1 2 0 0 1 1  2  6.2894 59.8141 
 5  42  7100  1  0  0 1 1 0  0 0  0  6 0 3  40 2 1 2 0 0 0 0  4  6.2894 59.8141 
 3  42  7101  1  0  0 0 1 0  0 0  1  2 0 3  40 2 1 2 0 1 0 0  4  6.2894 59.8141 
 2  42  7102  1  0  0 0 1 0  0 0  0  4 1 2  40 2 1 2 0 0 0 0  2  6.2894 59.8141 
 2  42  7103  1  1  0 0 0 0  0 0  0  2 0 3  40 2 1 2 0 0 0 0  3  6.2894 59.8141 
 4  42  7104  1  0  0 1 1 1  0 0  0  7 0 2  40 2 1 2 0 0 1 1  3  6.2894 59.8141 
 1  42  7105  1  0  0 0 0 0  0 0  1  4 0 3  40 2 1 2 0 0 0 0  4  6.2894 59.8141 
 5  42  7106  1  1  1 0 1 1  0 0  1  5 0 3  40 2 1 2 0 0 0 1  5  6.2894 59.8141 
 3  42  7107  1  0  0 0 1 0  0 0  0  5 0 3  40 2 1 2 0 1 1 0  3  6.2894 59.8141 
 3  42  7108  1  0  0 0 1 0  0 0  0  3 0 1  40 2 1 2 0 1 0 1  4  6.2894 59.8141 
 5   1  7617  1  0  1 0 0 0  0 0  0  4 0 3  21 2 2 0 0 0 0 1  4  4.1099 14.8211 
 5   1  7619  1  0  0 0 0 0  0 0  1  7 0 3  21 2 2 0 0 0 0 1  4  4.1099 14.8211 
 8   1  7620  1  0  0 0 1 0  0 0  0  7 0 1  21 2 2 0 0 1 0 2  4  4.1099 14.8211 
 2   1  7621  1  0  0 0 0 0  0 0  0  7 0 3  21 2 2 0 0 0 0 1  4  4.1099 14.8211 
 5   1  7622  1  0  1 0 1 0  0 0  0  8 0 1  21 2 2 0 0 1 0 1  4  4.1099 14.8211 
 2   1  7623  1  0  0 0 1 0  0 0  0  5 1 4  21 2 2 0 0 1 0 3  3  4.1099 14.8211 
 3   1  7624  1  0  0 0 0 0  0 0  0  8 1 4  21 2 2 0 0 0 0 1  2  4.1099 14.8211 
 3   1  7625  1  0  0 0 1 0  0 0  1  3 0 1  21 2 2 0 0 1 0 2  3  4.1099 14.8211 
 2   1  7626  1  0  0 0 1 0  0 0  0  3 0 3  21 2 2 0 0 3 0 1  4  4.1099 14.8211 
 4   1  7627  1  0  0 0 1 0  0 0  1  2 1 4  21 2 2 0 0 0 2 1  2  4.1099 14.8211 
 2   1  7628  1  0  0 0 1 0  0 0  0  3 0 3  21 2 2 0 0 0 0 2  4  4.1099 14.8211 
 2   1  7629  1  0  0 0 1 0  0 0  0  2 1 4  21 2 2 0 0 1 0 1  3  4.1099 14.8211 
 3   1  7630  1  0  0 0 1 0  0 0  0 10 0 2  21 2 2 0 0 1 0 2  4  4.1099 14.8211 
 3   1  7631  1  0  0 1 0 0  0 0  1  2 0 2  21 2 2 0 0 0 2 1  3  4.1099 14.8211 
 6   1  7632  1  1  1 0 1 0  0 0  0 16 1 1  21 2 2 0 0 0 0 0  4  4.1099 14.8211 
 2   1  7633  1  0  0 0 0 0  0 0  1 14 1 2  21 2 2 0 0 0 0 1  4  4.1099 14.8211 
 3   1  7634  1  0  0 0 1 0  0 1  0 10 1 4  21 2 2 0 0 1 1 2  3  4.1099 14.8211 
 3   1  7635  1  1  0 0 1 0  0 0  0  6 1 3  21 2 2 0 0 0 0 1  4  4.1099 14.8211 
 4   1  7636  1  0  0 0 1 0  0 0  0  3 0 2  21 2 2 0 0 0 1 0  2  4.1099 14.8211 
 4   1  7637  1  0  1 0 1 0  0 0  0  3 1 3  21 2 2 0 0 1 1 2  4  4.1099 14.8211 
 4   1  7638  1  0  1 0 1 0  0 0  0  8 0 3  21 2 2 0 0 1 1 1  4  4.1099 14.8211 
 4   1  7639  1  0  0 0 0 0  0 0  0  2 0 2  21 2 2 0 0 0 1 1  3  4.1099 14.8211 
 2   9  9736  1  1  1 0 1 0  0 0  0  7 0 4  38 2 2 0 0 0 0 1  4  5.5977  7.9993 
 4   9  9738  1  1  0 0 1 1  0 0  1 12 1 5  38 2 2 0 0 1 0 1  3  5.5977  7.9993 
 1   9  9742  1  0  0 0 1 0  0 0  0  5 1 1  38 2 2 0 0 0 1 0  3  5.5977  7.9993 
 2   9  9746  1  0  0 0 1 0  0 0  0  3 0 4  38 2 2 0 0 0 0 0  3  5.5977  7.9993 
 1   9  9748  1  0  0 0 1 0  0 0  0  2 0 4  38 2 2 0 0 0 1 1  3  5.5977  7.9993 
 5   9  9749  1  0  0 0 1 1  1 0  1 14 0 3  38 2 2 0 0 0 0 0  6  5.5977  7.9993 
 4   9  9751  1  0  0 0 1 0  0 0  0 15 1 4  38 2 2 0 0 0 0 2  4  5.5977  7.9993 
 6   9  9753  1  0  0 1 1 0  0 0  1  5 1 1  38 2 2 0 0 0 1 1  5  5.5977  7.9993 
 2   9  9754  1  0  0 0 1 0  0 0  0 11 0 3  38 2 2 0 0 0 0 0  3  5.5977  7.9993 
 5   9  9756  1  0  1 0 1 0  1 0  1 13 0 3  38 2 2 0 0 1 1 1  2  5.5977  7.9993 
 4   9  9757  1  0  1 0 1 0  1 0  1 13 0 3  38 2 2 0 0 0 0 2  4  5.5977  7.9993 
 1  54 11372  1  1  1 0 0 0  0 0  0 17 1 2  60 4 1 2 0 0 2 1  4 10.7660 44.0259 
 8  54 11374  1  0  0 0 1 0  0 0  1 12 0 3  60 4 1 2 0 1 0 0  2 10.7660 44.0259 
 3  54 11379  1  1  0 0 1 0  0 0  0  9 0 3  60 4 1 2 0 0 1 1  4 10.7660 44.0259 
 2  54 11383  1  0  0 0 1 0  0 0  1  5 0 2  60 4 1 2 0 0 1 0  4 10.7660 44.0259 
 2  54 11387  1  0  0 0 1 0  0 0  0  5 0 3  60 4 1 2 0 0 1 0  2 10.7660 44.0259 
 3  54 11396  1  1  1 0 1 0  0 0  1 11 0 3  60 4 1 2 0 0 0 0  3 10.7660 44.0259 
 2  54 11398  1  0  0 0 1 0  0 0  0  4 1 2  60 4 1 2 0 0 0 0  4 10.7660 44.0259 
 3  54 11399  1  0  0 0 1 0  0 0  0  3 0 3  60 4 1 2 0 0 0 1  3 10.7660 44.0259 
 1  54 11400  1  0  0 1 1 1  0 0  0  2 1 3  60 4 1 2 0 0 1 0  2 10.7660 44.0259 
 2  54 11401  1  0  0 0 1 1  0 0  1 11 0 3  60 4 1 2 1 0 1 1  4 10.7660 44.0259 
 2  54 11402  1  0  0 0 1 0  0 0  0  2 0 2  60 4 1 2 0 0 1 0  2 10.7660 44.0259 
 2  54 11404  1  1  0 0 1 0  0 1  1 15 0 1  60 4 1 2 0 1 0 1  3 10.7660 44.0259 
 1  54 11405  1  0  0 0 1 0  0 0  1  2 1 1  60 4 1 2 0 0 1 0  3 10.7660 44.0259 
 2  54 11406  1  0  0 0 1 0  0 0  1 10 0 3  60 4 1 2 0 0 1 0  3 10.7660 44.0259 
 4  54 11407  1  0  0 0 1 1  0 1  1  9 1 3  60 4 1 2 0 0 1 0  4 10.7660 44.0259 
 2  54 11408  1  0  0 0 0 0  0 0  0  3 1 2  60 4 1 2 0 0 0 1  0 10.7660 44.0259 
 2  54 11409  1  0  0 0 1 0  0 0  0  3 1 2  60 4 1 2 0 0 1 0  0 10.7660 44.0259 
 2  54 11410  1  0  0 1 1 0  0 0  0  5 0 2  60 4 1 2 0 0 1 0  1 10.7660 44.0259 
 2  54 11411  1  0  0 0 1 0  0 0  0  6 0 3  60 4 1 2 0 1 1 1  2 10.7660 44.0259 
 1  54 11412  1  1  0 0 0 0  0 0  0 17 1 3  60 4 1 2 0 0 0 2  3 10.7660 44.0259 
 2  54 11413  1  0  0 0 1 0  0 0  0  4 1 2  60 4 1 2 0 0 1 1  3 10.7660 44.0259 
 3  50 15062  1  1  0 0 0 0  0 0  0 14 1 3  55 3 2 0 0 0 1 2  3  4.1043 29.5487 
 1  50 15063  1  0  0 0 1 0  0 0  0  9 0 1  55 3 2 0 0 0 2 0  3  4.1043 29.5487 
 6  50 15064  1  0  1 0 1 0  0 0  0 14 0 2  55 3 2 0 0 0 1 1  2  4.1043 29.5487 
 2  50 15067  1  0  0 0 0 0  0 0  0  8 0 2  55 3 2 0 0 0 0 3  2  4.1043 29.5487 
 6  50 15070  1  0  0 1 0 0  0 0  0  6 0 3  55 3 2 0 0 0 0 0  4  4.1043 29.5487 
 2  50 15073  1  0  0 0 1 0  0 0  1  5 0 1  55 3 2 0 0 0 1 0  4  4.1043 29.5487 
11  50 15075  1  0  0 1 1 0  0 0  0  4 0 4  55 3 2 0 0 0 0 1  5  4.1043 29.5487 
 3  50 15078  1  0  0 1 1 0  0 0  1  4 0 3  55 3 2 0 0 0 1 1  3  4.1043 29.5487 
 4  50 15081  1  0  0 1 1 0  0 0  1  4 1 3  55 3 2 0 0 1 1 3  3  4.1043 29.5487 
 2  50 15082  1  0  0 0 1 0  0 0  0  2 0 3  55 3 2 0 0 1 1 1  3  4.1043 29.5487 
 3  50 15083  1  0  0 0 0 0  0 0  0  2 0 3  55 3 2 0 0 0 0 1  3  4.1043 29.5487 
 3  50 15087  1  1  0 0 1 0  0 0  1  2 0 2  55 3 2 0 0 0 1 4  1  4.1043 29.5487 
 4  50 15092  1  0  0 0 1 0  0 0  0  5 0 2  55 3 2 0 0 0 0 1  4  4.1043 29.5487 
 2  50 15094  1  0  0 0 1 0  0 0  0  8 1 1  55 3 2 0 0 0 0 1  4  4.1043 29.5487 
 4  50 15099  1  0  0 0 1 0  0 0  0  5 0 3  55 3 2 0 0 0 0 2  2  4.1043 29.5487 
 2  50 15103  1  0  0 1 0 0  0 0  0  3 0 3  55 3 2 0 0 0 0 0  3  4.1043 29.5487 
 4  50 15104  1  0  0 0 1 0  0 0  0  3 0 2  55 3 2 0 0 0 0 1  4  4.1043 29.5487 
 4  50 15106  1  0  0 0 1 0  0 0  0  6 0 3  55 3 2 0 0 0 0 1  4  4.1043 29.5487 
 4  50 15108  1  0  0 1 1 0  0 0  1  6 1 1  55 3 2 0 0 0 0 0  4  4.1043 29.5487 
 3  50 15112  1  0  0 0 1 0  0 0  0  3 0 3  55 3 2 0 0 1 0 2  4  4.1043 29.5487 
 5  50 15115  1  0  0 0 1 0  0 0  0  6 0 3  55 3 2 0 0 0 0 0  5  4.1043 29.5487 
 3  50 15118  1  0  0 1 1 0  0 0  0  2 0 2  55 3 2 0 0 1 1 2  3  4.1043 29.5487 
 2  50 15121  1  0  0 0 1 0  0 0  0  5 0 2  55 3 2 0 0 0 1 1  4  4.1043 29.5487 
 1  58 15238  1  0  1 0 0 0  0 0  0 10 1 1  36 3 2 0 0 0 1 1  2  3.2559 12.0798 
 3  58 15251  1  0  0 0 0 0  0 0  0  4 0 1  36 3 2 0 0 0 0 0  4  3.2559 12.0798 
 1  45 15354  1  0  0 0 1 0  0 0  0  5 0 2  39 3 2 1 0 0 1 0  3  2.5606 10.2619 
 4  45 15355  1  0  0 0 1 0  0 0  0  9 1 1  39 3 2 1 0 0 0 0  5  2.5606 10.2619 
 2  45 15356  1  0  0 0 1 0  0 0  0  3 0 2  39 3 2 1 0 0 1 0  5  2.5606 10.2619 
 2  45 15358  1  0  0 0 1 0  0 0  1  9 1 2  39 3 2 1 0 0 0 0  4  2.5606 10.2619 
 4  45 15359  1  0  1 0 1 0  0 0  1  6 0 3  39 3 2 1 0 0 0 1  4  2.5606 10.2619 
 3  58 16882  1  0  0 0 0 0  0 0  0  4 1 1  36 3 2 0 1 0 1 1  4  3.2559 12.0798 
 3  58 16883  1  0  0 0 0 0  0 0  0  8 1 2  36 3 2 0 0 0 0 0  4  3.2559 12.0798 
 3  58 16884  1  0  0 0 0 0  0 0  0  9 0 2  36 3 2 0 0 0 0 0  4  3.2559 12.0798 
 3  18 16915  1  0  0 0 1 0  0 0  1  4 0 1  24 2 2 0 0 1 1 2  3  3.8462 51.5378 
 2  18 16916  1  0  0 1 1 0  0 0  0  3 0 2  24 2 2 0 0 2 1 1  4  3.8462 51.5378 
 3  18 16917  1  0  0 0 1 0  0 0  1  9 1 2  24 2 2 0 0 2 2 4  4  3.8462 51.5378 
 4  18 16920  1  0  0 1 1 0  0 0  0  3 1 2  24 2 2 0 0 1 1 2  5  3.8462 51.5378 
 2  18 16921  1  0  0 0 1 0  0 0  1  4 0 1  24 2 2 0 0 1 1 2  3  3.8462 51.5378 
 5   1 16942  1  0  0 0 0 0  0 0  0  7 0 2  21 2 2 0 0 0 0 2  4  4.1099 14.8211 
 4   1 16945  1  0  0 0 0 0  0 0  0  4 0 2  21 2 2 0 0 0 0 3  4  4.1099 14.8211 
 6   1 16946  1  0  1 0 1 0  0 0  0  4 1 3  21 2 2 0 0 0 0 1  4  4.1099 14.8211 
 5   1 16947  1  0  0 0 1 0  0 0  1  7 0 3  21 2 2 0 0 0 0 2  5  4.1099 14.8211 
 3   1 16949  1  0  0 0 1 0  0 0  0  7 1 2  21 2 2 0 0 0 0 1  3  4.1099 14.8211 
 7   1 16951  1  0  0 1 0 0  0 0  0 11 1 3  21 2 2 0 0 0 0 2  4  4.1099 14.8211 
 2   1 16952  1  0  0 1 1 0  0 0  1  4 0 5  21 2 2 0 0 0 0 1  4  4.1099 14.8211 
 3   1 16953  1  0  0 0 1 0  0 1  0  4 0 4  21 2 2 0 0 2 1 2  3  4.1099 14.8211 
 3   1 16954  1  0  0 0 0 0  0 0  0 17 0 3  21 2 2 0 0 0 0 2  4  4.1099 14.8211 
 4   6 16960  1  0  0 0 1 0  0 0  0 10 0 2  12 2 2 0 0 0 1 0  2  6.9006 33.4799 
 2   6 16963  1  0  0 0 1 0  0 0  0  6 1 2  12 2 2 0 0 0 1 1  3  6.9006 33.4799 
 2   6 16965  1  0  0 0 0 0  0 0  0  8 0 5  12 2 2 0 0 0 0 0  1  6.9006 33.4799 
 4   6 16969  1  0  0 0 1 0  0 0  1 10 0 2  12 2 2 0 0 0 0 2  4  6.9006 33.4799 
 3   6 16971  1  0  0 0 1 0  0 0  0 12 0 2  12 2 2 0 0 0 0 1  3  6.9006 33.4799 
 3   6 16976  1  0  0 0 1 0  0 0  1  2 0 2  12 2 2 0 0 0 1 0  1  6.9006 33.4799 
 6   6 16977  1  0  0 0 1 0  0 0  1  6 1 2  12 2 2 0 0 0 0 1  4  6.9006 33.4799 
 1   6 16978  1  0  0 0 0 0  0 0  0  3 0 2  12 2 2 0 0 0 1 1  3  6.9006 33.4799 
 3   6 16979  1  0  0 1 1 0  0 0  1 14 0 2  12 2 2 0 0 1 1 1  4  6.9006 33.4799 
 2   6 16980  1  0  0 0 1 0  0 0  0  2 0 2  12 2 2 0 0 0 1 1  2  6.9006 33.4799 
 2   6 16981  1  0  0 0 1 0  0 0  1 12 0 1  12 2 2 0 0 1 0 1  4  6.9006 33.4799 
 2   6 16982  1  0  0 0 1 0  0 0  1 12 0 2  12 2 2 0 0 0 0 2  3  6.9006 33.4799 
